qid_date,funds,market,model,source_signature
20171206.0,1000000.0,Main,CSI 300 Index,49a0a4d1fd8f9616a69909cec22531a01219e391bfe1df73a5151c872292fed1
20171207.0,1008138.999983277,Main,CSI 300 Index,49a0a4d1fd8f9616a69909cec22531a01219e391bfe1df73a5151c872292fed1
20171208.0,1024789.4241423383,Main,CSI 300 Index,49a0a4d1fd8f9616a69909cec22531a01219e391bfe1df73a5151c872292fed1
20171211.0,1011320.6163115693,Main,CSI 300 Index,49a0a4d1fd8f9616a69909cec22531a01219e391bfe1df73a5151c872292fed1
20171212.0,1019901.6712480345,Main,CSI 300 Index,49a0a4d1fd8f9616a69909cec22531a01219e391bfe1df73a5151c872292fed1
20171213.0,1013873.0329356653,Main,CSI 300 Index,49a0a4d1fd8f9616a69909cec22531a01219e391bfe1df73a5151c872292fed1
20171214.0,1002466.9613564712,Main,CSI 300 Index,49a0a4d1fd8f9616a69909cec22531a01219e391bfe1df73a5151c872292fed1
20171215.0,1003583.7095636872,Main,CSI 300 Index,49a0a4d1fd8f9616a69909cec22531a01219e391bfe1df73a5151c872292fed1
20171218.0,1016184.7066142487,Main,CSI 300 Index,49a0a4d1fd8f9616a69909cec22531a01219e391bfe1df73a5151c872292fed1
20171219.0,1014966.3010736336,Main,CSI 300 Index,49a0a4d1fd8f9616a69909cec22531a01219e391bfe1df73a5151c872292fed1
20171220.0,1024374.0239675667,Main,CSI 300 Index,49a0a4d1fd8f9616a69909cec22531a01219e391bfe1df73a5151c872292fed1
20171221.0,1021037.6380237851,Main,CSI 300 Index,49a0a4d1fd8f9616a69909cec22531a01219e391bfe1df73a5151c872292fed1
20171222.0,1017748.8757697488,Main,CSI 300 Index,49a0a4d1fd8f9616a69909cec22531a01219e391bfe1df73a5151c872292fed1
20171225.0,1020790.9265761994,Main,CSI 300 Index,49a0a4d1fd8f9616a69909cec22531a01219e391bfe1df73a5151c872292fed1
20171226.0,1005073.808818959,Main,CSI 300 Index,49a0a4d1fd8f9616a69909cec22531a01219e391bfe1df73a5151c872292fed1
20171227.0,1012046.0058170939,Main,CSI 300 Index,49a0a4d1fd8f9616a69909cec22531a01219e391bfe1df73a5151c872292fed1
20171228.0,1015056.842651843,Main,CSI 300 Index,49a0a4d1fd8f9616a69909cec22531a01219e391bfe1df73a5151c872292fed1
20171229.0,1029296.0603431105,Main,CSI 300 Index,49a0a4d1fd8f9616a69909cec22531a01219e391bfe1df73a5151c872292fed1
20180102.0,1035338.0281812372,Main,CSI 300 Index,49a0a4d1fd8f9616a69909cec22531a01219e391bfe1df73a5151c872292fed1
20180103.0,1039724.7551161418,Main,CSI 300 Index,49a0a4d1fd8f9616a69909cec22531a01219e391bfe1df73a5151c872292fed1
20180104.0,1042227.3729412976,Main,CSI 300 Index,49a0a4d1fd8f9616a69909cec22531a01219e391bfe1df73a5151c872292fed1
20180105.0,1047618.8153601225,Main,CSI 300 Index,49a0a4d1fd8f9616a69909cec22531a01219e391bfe1df73a5151c872292fed1
20180108.0,1054956.3370000503,Main,CSI 300 Index,49a0a4d1fd8f9616a69909cec22531a01219e391bfe1df73a5151c872292fed1
20180109.0,1059619.2445054327,Main,CSI 300 Index,49a0a4d1fd8f9616a69909cec22531a01219e391bfe1df73a5151c872292fed1
20180110.0,1059058.7054666753,Main,CSI 300 Index,49a0a4d1fd8f9616a69909cec22531a01219e391bfe1df73a5151c872292fed1
20180111.0,1063947.3201026362,Main,CSI 300 Index,49a0a4d1fd8f9616a69909cec22531a01219e391bfe1df73a5151c872292fed1
20180112.0,1064006.901348099,Main,CSI 300 Index,49a0a4d1fd8f9616a69909cec22531a01219e391bfe1df73a5151c872292fed1
20180115.0,1072376.3794788674,Main,CSI 300 Index,49a0a4d1fd8f9616a69909cec22531a01219e391bfe1df73a5151c872292fed1
20180116.0,1069768.3605767773,Main,CSI 300 Index,49a0a4d1fd8f9616a69909cec22531a01219e391bfe1df73a5151c872292fed1
20180117.0,1075636.0398930553,Main,CSI 300 Index,49a0a4d1fd8f9616a69909cec22531a01219e391bfe1df73a5151c872292fed1
20180118.0,1079155.5210125006,Main,CSI 300 Index,49a0a4d1fd8f9616a69909cec22531a01219e391bfe1df73a5151c872292fed1
20180119.0,1092049.271034572,Main,CSI 300 Index,49a0a4d1fd8f9616a69909cec22531a01219e391bfe1df73a5151c872292fed1
20180122.0,1103637.0063012228,Main,CSI 300 Index,49a0a4d1fd8f9616a69909cec22531a01219e391bfe1df73a5151c872292fed1
20180123.0,1105467.9397445775,Main,CSI 300 Index,49a0a4d1fd8f9616a69909cec22531a01219e391bfe1df73a5151c872292fed1
20180124.0,1099220.940471209,Main,CSI 300 Index,49a0a4d1fd8f9616a69909cec22531a01219e391bfe1df73a5151c872292fed1
20180125.0,1103305.6457773803,Main,CSI 300 Index,49a0a4d1fd8f9616a69909cec22531a01219e391bfe1df73a5151c872292fed1
20180126.0,1083340.2270122368,Main,CSI 300 Index,49a0a4d1fd8f9616a69909cec22531a01219e391bfe1df73a5151c872292fed1
20180129.0,1071777.736604772,Main,CSI 300 Index,49a0a4d1fd8f9616a69909cec22531a01219e391bfe1df73a5151c872292fed1
20180130.0,1076762.5743111905,Main,CSI 300 Index,49a0a4d1fd8f9616a69909cec22531a01219e391bfe1df73a5151c872292fed1
20180131.0,1069208.0087404575,Main,CSI 300 Index,49a0a4d1fd8f9616a69909cec22531a01219e391bfe1df73a5151c872292fed1
20180201.0,1075587.9726149244,Main,CSI 300 Index,49a0a4d1fd8f9616a69909cec22531a01219e391bfe1df73a5151c872292fed1
20180202.0,1076321.5233328159,Main,CSI 300 Index,49a0a4d1fd8f9616a69909cec22531a01219e391bfe1df73a5151c872292fed1
20180205.0,1044778.844498304,Main,CSI 300 Index,49a0a4d1fd8f9616a69909cec22531a01219e391bfe1df73a5151c872292fed1
20180206.0,1020001.9151012873,Main,CSI 300 Index,49a0a4d1fd8f9616a69909cec22531a01219e391bfe1df73a5151c872292fed1
20180207.0,1010319.0364684827,Main,CSI 300 Index,49a0a4d1fd8f9616a69909cec22531a01219e391bfe1df73a5151c872292fed1
20180208.0,967158.2072616735,Main,CSI 300 Index,49a0a4d1fd8f9616a69909cec22531a01219e391bfe1df73a5151c872292fed1
20180209.0,979611.3362605346,Main,CSI 300 Index,49a0a4d1fd8f9616a69909cec22531a01219e391bfe1df73a5151c872292fed1
20180212.0,991075.7277070261,Main,CSI 300 Index,49a0a4d1fd8f9616a69909cec22531a01219e391bfe1df73a5151c872292fed1
20180213.0,998964.6905507128,Main,CSI 300 Index,49a0a4d1fd8f9616a69909cec22531a01219e391bfe1df73a5151c872292fed1
20180214.0,1020564.3047989275,Main,CSI 300 Index,49a0a4d1fd8f9616a69909cec22531a01219e391bfe1df73a5151c872292fed1
20180222.0,1025186.4408342326,Main,CSI 300 Index,49a0a4d1fd8f9616a69909cec22531a01219e391bfe1df73a5151c872292fed1
20180223.0,1037105.2588732829,Main,CSI 300 Index,49a0a4d1fd8f9616a69909cec22531a01219e391bfe1df73a5151c872292fed1
20180226.0,1022137.7555326885,Main,CSI 300 Index,49a0a4d1fd8f9616a69909cec22531a01219e391bfe1df73a5151c872292fed1
20180227.0,1013239.0239601447,Main,CSI 300 Index,49a0a4d1fd8f9616a69909cec22531a01219e391bfe1df73a5151c872292fed1
20180228.0,1019646.7473108928,Main,CSI 300 Index,49a0a4d1fd8f9616a69909cec22531a01219e391bfe1df73a5151c872292fed1
20180301.0,1011431.4537879952,Main,CSI 300 Index,49a0a4d1fd8f9616a69909cec22531a01219e391bfe1df73a5151c872292fed1
20180302.0,1011843.106353094,Main,CSI 300 Index,49a0a4d1fd8f9616a69909cec22531a01219e391bfe1df73a5151c872292fed1
20180305.0,1024047.958017021,Main,CSI 300 Index,49a0a4d1fd8f9616a69909cec22531a01219e391bfe1df73a5151c872292fed1
20180306.0,1016516.0851461517,Main,CSI 300 Index,49a0a4d1fd8f9616a69909cec22531a01219e391bfe1df73a5151c872292fed1
20180307.0,1026827.6242587391,Main,CSI 300 Index,49a0a4d1fd8f9616a69909cec22531a01219e391bfe1df73a5151c872292fed1
20180308.0,1034701.3384464587,Main,CSI 300 Index,49a0a4d1fd8f9616a69909cec22531a01219e391bfe1df73a5151c872292fed1
20180309.0,1039436.1316879741,Main,CSI 300 Index,49a0a4d1fd8f9616a69909cec22531a01219e391bfe1df73a5151c872292fed1
20180312.0,1030266.2268032028,Main,CSI 300 Index,49a0a4d1fd8f9616a69909cec22531a01219e391bfe1df73a5151c872292fed1
20180313.0,1025756.7510263219,Main,CSI 300 Index,49a0a4d1fd8f9616a69909cec22531a01219e391bfe1df73a5151c872292fed1
20180314.0,1031503.0407531069,Main,CSI 300 Index,49a0a4d1fd8f9616a69909cec22531a01219e391bfe1df73a5151c872292fed1
20180315.0,1021495.3978371421,Main,CSI 300 Index,49a0a4d1fd8f9616a69909cec22531a01219e391bfe1df73a5151c872292fed1
20180316.0,1025983.8489489248,Main,CSI 300 Index,49a0a4d1fd8f9616a69909cec22531a01219e391bfe1df73a5151c872292fed1
20180319.0,1026853.8824528606,Main,CSI 300 Index,49a0a4d1fd8f9616a69909cec22531a01219e391bfe1df73a5151c872292fed1
20180320.0,1022660.2121016033,Main,CSI 300 Index,49a0a4d1fd8f9616a69909cec22531a01219e391bfe1df73a5151c872292fed1
20180321.0,1012411.1111064651,Main,CSI 300 Index,49a0a4d1fd8f9616a69909cec22531a01219e391bfe1df73a5151c872292fed1
20180322.0,983347.8252946638,Main,CSI 300 Index,49a0a4d1fd8f9616a69909cec22531a01219e391bfe1df73a5151c872292fed1
20180323.0,977041.6157215326,Main,CSI 300 Index,49a0a4d1fd8f9616a69909cec22531a01219e391bfe1df73a5151c872292fed1
20180326.0,985446.1276693991,Main,CSI 300 Index,49a0a4d1fd8f9616a69909cec22531a01219e391bfe1df73a5151c872292fed1
20180327.0,967679.5194539466,Main,CSI 300 Index,49a0a4d1fd8f9616a69909cec22531a01219e391bfe1df73a5151c872292fed1
20180328.0,980606.7501233245,Main,CSI 300 Index,49a0a4d1fd8f9616a69909cec22531a01219e391bfe1df73a5151c872292fed1
20180329.0,981726.6030422759,Main,CSI 300 Index,49a0a4d1fd8f9616a69909cec22531a01219e391bfe1df73a5151c872292fed1
20180330.0,978810.8750165176,Main,CSI 300 Index,49a0a4d1fd8f9616a69909cec22531a01219e391bfe1df73a5151c872292fed1
20180402.0,972657.0910605248,Main,CSI 300 Index,49a0a4d1fd8f9616a69909cec22531a01219e391bfe1df73a5151c872292fed1
20180403.0,970739.0113214368,Main,CSI 300 Index,49a0a4d1fd8f9616a69909cec22531a01219e391bfe1df73a5151c872292fed1
20180404.0,970251.7002806398,Main,CSI 300 Index,49a0a4d1fd8f9616a69909cec22531a01219e391bfe1df73a5151c872292fed1
20180409.0,988947.4802675481,Main,CSI 300 Index,49a0a4d1fd8f9616a69909cec22531a01219e391bfe1df73a5151c872292fed1
20180410.0,991760.0469307558,Main,CSI 300 Index,49a0a4d1fd8f9616a69909cec22531a01219e391bfe1df73a5151c872292fed1
20180411.0,981761.1221544101,Main,CSI 300 Index,49a0a4d1fd8f9616a69909cec22531a01219e391bfe1df73a5151c872292fed1
20180412.0,974838.7244639178,Main,CSI 300 Index,49a0a4d1fd8f9616a69909cec22531a01219e391bfe1df73a5151c872292fed1
20180413.0,959154.544263433,Main,CSI 300 Index,49a0a4d1fd8f9616a69909cec22531a01219e391bfe1df73a5151c872292fed1
20180416.0,943989.3516892976,Main,CSI 300 Index,49a0a4d1fd8f9616a69909cec22531a01219e391bfe1df73a5151c872292fed1
20180417.0,948431.7656519955,Main,CSI 300 Index,49a0a4d1fd8f9616a69909cec22531a01219e391bfe1df73a5151c872292fed1
20180418.0,959904.9447268372,Main,CSI 300 Index,49a0a4d1fd8f9616a69909cec22531a01219e391bfe1df73a5151c872292fed1
20180419.0,947065.256123564,Main,CSI 300 Index,49a0a4d1fd8f9616a69909cec22531a01219e391bfe1df73a5151c872292fed1
20180420.0,948443.2360744127,Main,CSI 300 Index,49a0a4d1fd8f9616a69909cec22531a01219e391bfe1df73a5151c872292fed1
20180423.0,967874.9410962189,Main,CSI 300 Index,49a0a4d1fd8f9616a69909cec22531a01219e391bfe1df73a5151c872292fed1
20180424.0,964151.5262193044,Main,CSI 300 Index,49a0a4d1fd8f9616a69909cec22531a01219e391bfe1df73a5151c872292fed1
20180425.0,945715.9848874443,Main,CSI 300 Index,49a0a4d1fd8f9616a69909cec22531a01219e391bfe1df73a5151c872292fed1
20180426.0,946064.0083613236,Main,CSI 300 Index,49a0a4d1fd8f9616a69909cec22531a01219e391bfe1df73a5151c872292fed1
20180427.0,947768.8156882863,Main,CSI 300 Index,49a0a4d1fd8f9616a69909cec22531a01219e391bfe1df73a5151c872292fed1
20180502.0,955160.4646748273,Main,CSI 300 Index,49a0a4d1fd8f9616a69909cec22531a01219e391bfe1df73a5151c872292fed1
20180503.0,950526.0261836611,Main,CSI 300 Index,49a0a4d1fd8f9616a69909cec22531a01219e391bfe1df73a5151c872292fed1
20180504.0,965531.9804980274,Main,CSI 300 Index,49a0a4d1fd8f9616a69909cec22531a01219e391bfe1df73a5151c872292fed1
20180507.0,976735.0481257738,Main,CSI 300 Index,49a0a4d1fd8f9616a69909cec22531a01219e391bfe1df73a5151c872292fed1
20180508.0,974956.4135495689,Main,CSI 300 Index,49a0a4d1fd8f9616a69909cec22531a01219e391bfe1df73a5151c872292fed1
20180509.0,980355.7221334397,Main,CSI 300 Index,49a0a4d1fd8f9616a69909cec22531a01219e391bfe1df73a5151c872292fed1
20180510.0,975263.7545762692,Main,CSI 300 Index,49a0a4d1fd8f9616a69909cec22531a01219e391bfe1df73a5151c872292fed1
20180511.0,984443.9122536879,Main,CSI 300 Index,49a0a4d1fd8f9616a69909cec22531a01219e391bfe1df73a5151c872292fed1
20180514.0,988172.0013923425,Main,CSI 300 Index,49a0a4d1fd8f9616a69909cec22531a01219e391bfe1df73a5151c872292fed1
20180515.0,980301.2114287907,Main,CSI 300 Index,49a0a4d1fd8f9616a69909cec22531a01219e391bfe1df73a5151c872292fed1
20180516.0,973050.9036402586,Main,CSI 300 Index,49a0a4d1fd8f9616a69909cec22531a01219e391bfe1df73a5151c872292fed1
20180517.0,982874.8255750188,Main,CSI 300 Index,49a0a4d1fd8f9616a69909cec22531a01219e391bfe1df73a5151c872292fed1
20180518.0,987452.0736196826,Main,CSI 300 Index,49a0a4d1fd8f9616a69909cec22531a01219e391bfe1df73a5151c872292fed1
20180521.0,983666.1823709079,Main,CSI 300 Index,49a0a4d1fd8f9616a69909cec22531a01219e391bfe1df73a5151c872292fed1
20180522.0,970666.0500869503,Main,CSI 300 Index,49a0a4d1fd8f9616a69909cec22531a01219e391bfe1df73a5151c872292fed1
20180523.0,963774.3211410593,Main,CSI 300 Index,49a0a4d1fd8f9616a69909cec22531a01219e391bfe1df73a5151c872292fed1
20180524.0,961074.7892428917,Main,CSI 300 Index,49a0a4d1fd8f9616a69909cec22531a01219e391bfe1df73a5151c872292fed1
20180525.0,965295.8297097072,Main,CSI 300 Index,49a0a4d1fd8f9616a69909cec22531a01219e391bfe1df73a5151c872292fed1
20180528.0,957929.6572453693,Main,CSI 300 Index,49a0a4d1fd8f9616a69909cec22531a01219e391bfe1df73a5151c872292fed1
20180529.0,937623.4644207518,Main,CSI 300 Index,49a0a4d1fd8f9616a69909cec22531a01219e391bfe1df73a5151c872292fed1
20180530.0,957517.9591005465,Main,CSI 300 Index,49a0a4d1fd8f9616a69909cec22531a01219e391bfe1df73a5151c872292fed1
20180531.0,949513.1088929325,Main,CSI 300 Index,49a0a4d1fd8f9616a69909cec22531a01219e391bfe1df73a5151c872292fed1
20180601.0,958827.8324644765,Main,CSI 300 Index,49a0a4d1fd8f9616a69909cec22531a01219e391bfe1df73a5151c872292fed1
20180604.0,968330.775166237,Main,CSI 300 Index,49a0a4d1fd8f9616a69909cec22531a01219e391bfe1df73a5151c872292fed1
20180605.0,966325.3621324588,Main,CSI 300 Index,49a0a4d1fd8f9616a69909cec22531a01219e391bfe1df73a5151c872292fed1
20180606.0,964728.9926315423,Main,CSI 300 Index,49a0a4d1fd8f9616a69909cec22531a01219e391bfe1df73a5151c872292fed1
20180607.0,951786.1884489233,Main,CSI 300 Index,49a0a4d1fd8f9616a69909cec22531a01219e391bfe1df73a5151c872292fed1
20180608.0,951878.5117059867,Main,CSI 300 Index,49a0a4d1fd8f9616a69909cec22531a01219e391bfe1df73a5151c872292fed1
20180611.0,963455.2581895362,Main,CSI 300 Index,49a0a4d1fd8f9616a69909cec22531a01219e391bfe1df73a5151c872292fed1
20180612.0,953983.5295612179,Main,CSI 300 Index,49a0a4d1fd8f9616a69909cec22531a01219e391bfe1df73a5151c872292fed1
20180613.0,950213.3866157865,Main,CSI 300 Index,49a0a4d1fd8f9616a69909cec22531a01219e391bfe1df73a5151c872292fed1
20180614.0,945194.3595380497,Main,CSI 300 Index,49a0a4d1fd8f9616a69909cec22531a01219e391bfe1df73a5151c872292fed1
20180615.0,911874.3679393288,Main,CSI 300 Index,49a0a4d1fd8f9616a69909cec22531a01219e391bfe1df73a5151c872292fed1
20180619.0,915482.6548430746,Main,CSI 300 Index,49a0a4d1fd8f9616a69909cec22531a01219e391bfe1df73a5151c872292fed1
20180620.0,904785.2400254159,Main,CSI 300 Index,49a0a4d1fd8f9616a69909cec22531a01219e391bfe1df73a5151c872292fed1
20180621.0,908798.8673129296,Main,CSI 300 Index,49a0a4d1fd8f9616a69909cec22531a01219e391bfe1df73a5151c872292fed1
20180622.0,896603.6953376653,Main,CSI 300 Index,49a0a4d1fd8f9616a69909cec22531a01219e391bfe1df73a5151c872292fed1
20180625.0,889208.5080215681,Main,CSI 300 Index,49a0a4d1fd8f9616a69909cec22531a01219e391bfe1df73a5151c872292fed1
20180626.0,871115.7825783802,Main,CSI 300 Index,49a0a4d1fd8f9616a69909cec22531a01219e391bfe1df73a5151c872292fed1
20180627.0,862116.2854275285,Main,CSI 300 Index,49a0a4d1fd8f9616a69909cec22531a01219e391bfe1df73a5151c872292fed1
20180628.0,884139.9080087018,Main,CSI 300 Index,49a0a4d1fd8f9616a69909cec22531a01219e391bfe1df73a5151c872292fed1
20180629.0,858197.474852158,Main,CSI 300 Index,49a0a4d1fd8f9616a69909cec22531a01219e391bfe1df73a5151c872292fed1
20180702.0,858528.7390277892,Main,CSI 300 Index,49a0a4d1fd8f9616a69909cec22531a01219e391bfe1df73a5151c872292fed1
20180703.0,847062.2292432769,Main,CSI 300 Index,49a0a4d1fd8f9616a69909cec22531a01219e391bfe1df73a5151c872292fed1
20180704.0,841696.0899809191,Main,CSI 300 Index,49a0a4d1fd8f9616a69909cec22531a01219e391bfe1df73a5151c872292fed1
20180705.0,847408.6813358233,Main,CSI 300 Index,49a0a4d1fd8f9616a69909cec22531a01219e391bfe1df73a5151c872292fed1
20180706.0,871095.4488327141,Main,CSI 300 Index,49a0a4d1fd8f9616a69909cec22531a01219e391bfe1df73a5151c872292fed1
20180709.0,873193.9177565748,Main,CSI 300 Index,49a0a4d1fd8f9616a69909cec22531a01219e391bfe1df73a5151c872292fed1
20180710.0,858088.5361578503,Main,CSI 300 Index,49a0a4d1fd8f9616a69909cec22531a01219e391bfe1df73a5151c872292fed1
20180711.0,876604.3706501117,Main,CSI 300 Index,49a0a4d1fd8f9616a69909cec22531a01219e391bfe1df73a5151c872292fed1
20180712.0,879533.9823818883,Main,CSI 300 Index,49a0a4d1fd8f9616a69909cec22531a01219e391bfe1df73a5151c872292fed1
20180713.0,874345.6114701733,Main,CSI 300 Index,49a0a4d1fd8f9616a69909cec22531a01219e391bfe1df73a5151c872292fed1
20180716.0,868627.391121096,Main,CSI 300 Index,49a0a4d1fd8f9616a69909cec22531a01219e391bfe1df73a5151c872292fed1
20180717.0,864080.9953608154,Main,CSI 300 Index,49a0a4d1fd8f9616a69909cec22531a01219e391bfe1df73a5151c872292fed1
20180718.0,863330.9730666837,Main,CSI 300 Index,49a0a4d1fd8f9616a69909cec22531a01219e391bfe1df73a5151c872292fed1
20180719.0,879586.6319483875,Main,CSI 300 Index,49a0a4d1fd8f9616a69909cec22531a01219e391bfe1df73a5151c872292fed1
20180720.0,887860.9033958474,Main,CSI 300 Index,49a0a4d1fd8f9616a69909cec22531a01219e391bfe1df73a5151c872292fed1
20180723.0,901952.1438679061,Main,CSI 300 Index,49a0a4d1fd8f9616a69909cec22531a01219e391bfe1df73a5151c872292fed1
20180724.0,900956.3886658882,Main,CSI 300 Index,49a0a4d1fd8f9616a69909cec22531a01219e391bfe1df73a5151c872292fed1
20180725.0,890504.393598994,Main,CSI 300 Index,49a0a4d1fd8f9616a69909cec22531a01219e391bfe1df73a5151c872292fed1
20180726.0,886722.4213925594,Main,CSI 300 Index,49a0a4d1fd8f9616a69909cec22531a01219e391bfe1df73a5151c872292fed1
20180727.0,885174.2041230537,Main,CSI 300 Index,49a0a4d1fd8f9616a69909cec22531a01219e391bfe1df73a5151c872292fed1
20180730.0,885823.0367846595,Main,CSI 300 Index,49a0a4d1fd8f9616a69909cec22531a01219e391bfe1df73a5151c872292fed1
20180731.0,868127.8358199784,Main,CSI 300 Index,49a0a4d1fd8f9616a69909cec22531a01219e391bfe1df73a5151c872292fed1
20180801.0,848881.4416774727,Main,CSI 300 Index,49a0a4d1fd8f9616a69909cec22531a01219e391bfe1df73a5151c872292fed1
20180802.0,834861.3157488956,Main,CSI 300 Index,49a0a4d1fd8f9616a69909cec22531a01219e391bfe1df73a5151c872292fed1
20180803.0,824281.9532303136,Main,CSI 300 Index,49a0a4d1fd8f9616a69909cec22531a01219e391bfe1df73a5151c872292fed1
20180806.0,848355.107678064,Main,CSI 300 Index,49a0a4d1fd8f9616a69909cec22531a01219e391bfe1df73a5151c872292fed1
20180807.0,834665.2012541225,Main,CSI 300 Index,49a0a4d1fd8f9616a69909cec22531a01219e391bfe1df73a5151c872292fed1
20180808.0,855571.8952422524,Main,CSI 300 Index,49a0a4d1fd8f9616a69909cec22531a01219e391bfe1df73a5151c872292fed1
20180809.0,857457.5756315934,Main,CSI 300 Index,49a0a4d1fd8f9616a69909cec22531a01219e391bfe1df73a5151c872292fed1
20180810.0,853761.9335589594,Main,CSI 300 Index,49a0a4d1fd8f9616a69909cec22531a01219e391bfe1df73a5151c872292fed1
20180813.0,849372.7433858904,Main,CSI 300 Index,49a0a4d1fd8f9616a69909cec22531a01219e391bfe1df73a5151c872292fed1
20180814.0,828991.1950686508,Main,CSI 300 Index,49a0a4d1fd8f9616a69909cec22531a01219e391bfe1df73a5151c872292fed1
20180815.0,825151.3078201908,Main,CSI 300 Index,49a0a4d1fd8f9616a69909cec22531a01219e391bfe1df73a5151c872292fed1
20180816.0,813288.1075236839,Main,CSI 300 Index,49a0a4d1fd8f9616a69909cec22531a01219e391bfe1df73a5151c872292fed1
20180817.0,822764.5405289173,Main,CSI 300 Index,49a0a4d1fd8f9616a69909cec22531a01219e391bfe1df73a5151c872292fed1
20180820.0,837722.399891749,Main,CSI 300 Index,49a0a4d1fd8f9616a69909cec22531a01219e391bfe1df73a5151c872292fed1
20180821.0,833015.2377300597,Main,CSI 300 Index,49a0a4d1fd8f9616a69909cec22531a01219e391bfe1df73a5151c872292fed1
20180822.0,836054.9103533665,Main,CSI 300 Index,49a0a4d1fd8f9616a69909cec22531a01219e391bfe1df73a5151c872292fed1
20180823.0,837391.7621321013,Main,CSI 300 Index,49a0a4d1fd8f9616a69909cec22531a01219e391bfe1df73a5151c872292fed1
20180824.0,857849.2429120856,Main,CSI 300 Index,49a0a4d1fd8f9616a69909cec22531a01219e391bfe1df73a5151c872292fed1
20180827.0,856236.4862795066,Main,CSI 300 Index,49a0a4d1fd8f9616a69909cec22531a01219e391bfe1df73a5151c872292fed1
20180828.0,852812.3966040367,Main,CSI 300 Index,49a0a4d1fd8f9616a69909cec22531a01219e391bfe1df73a5151c872292fed1
20180829.0,843877.481140288,Main,CSI 300 Index,49a0a4d1fd8f9616a69909cec22531a01219e391bfe1df73a5151c872292fed1
20180830.0,839699.4437186976,Main,CSI 300 Index,49a0a4d1fd8f9616a69909cec22531a01219e391bfe1df73a5151c872292fed1
20180831.0,836506.906366447,Main,CSI 300 Index,49a0a4d1fd8f9616a69909cec22531a01219e391bfe1df73a5151c872292fed1
20180903.0,847102.1028538358,Main,CSI 300 Index,49a0a4d1fd8f9616a69909cec22531a01219e391bfe1df73a5151c872292fed1
20180904.0,830542.950972934,Main,CSI 300 Index,49a0a4d1fd8f9616a69909cec22531a01219e391bfe1df73a5151c872292fed1
20180905.0,821663.6163199436,Main,CSI 300 Index,49a0a4d1fd8f9616a69909cec22531a01219e391bfe1df73a5151c872292fed1
20180906.0,825381.6441414877,Main,CSI 300 Index,49a0a4d1fd8f9616a69909cec22531a01219e391bfe1df73a5151c872292fed1
20180907.0,813401.2295820349,Main,CSI 300 Index,49a0a4d1fd8f9616a69909cec22531a01219e391bfe1df73a5151c872292fed1
20180910.0,811926.5331195202,Main,CSI 300 Index,49a0a4d1fd8f9616a69909cec22531a01219e391bfe1df73a5151c872292fed1
20180911.0,806339.6667183925,Main,CSI 300 Index,49a0a4d1fd8f9616a69909cec22531a01219e391bfe1df73a5151c872292fed1
20180912.0,815037.6526723759,Main,CSI 300 Index,49a0a4d1fd8f9616a69909cec22531a01219e391bfe1df73a5151c872292fed1
20180913.0,816428.9219615028,Main,CSI 300 Index,49a0a4d1fd8f9616a69909cec22531a01219e391bfe1df73a5151c872292fed1
20180914.0,807069.3808037125,Main,CSI 300 Index,49a0a4d1fd8f9616a69909cec22531a01219e391bfe1df73a5151c872292fed1
20180917.0,823314.0732852147,Main,CSI 300 Index,49a0a4d1fd8f9616a69909cec22531a01219e391bfe1df73a5151c872292fed1
20180918.0,834154.6496411096,Main,CSI 300 Index,49a0a4d1fd8f9616a69909cec22531a01219e391bfe1df73a5151c872292fed1
20180919.0,833561.5657637541,Main,CSI 300 Index,49a0a4d1fd8f9616a69909cec22531a01219e391bfe1df73a5151c872292fed1
20180920.0,858834.3188254669,Main,CSI 300 Index,49a0a4d1fd8f9616a69909cec22531a01219e391bfe1df73a5151c872292fed1
20180921.0,851108.2452995302,Main,CSI 300 Index,49a0a4d1fd8f9616a69909cec22531a01219e391bfe1df73a5151c872292fed1
20180925.0,860535.97138439,Main,CSI 300 Index,49a0a4d1fd8f9616a69909cec22531a01219e391bfe1df73a5151c872292fed1
20180926.0,857098.1301637536,Main,CSI 300 Index,49a0a4d1fd8f9616a69909cec22531a01219e391bfe1df73a5151c872292fed1
20180927.0,865981.0951196719,Main,CSI 300 Index,49a0a4d1fd8f9616a69909cec22531a01219e391bfe1df73a5151c872292fed1
20180928.0,828719.6605778066,Main,CSI 300 Index,49a0a4d1fd8f9616a69909cec22531a01219e391bfe1df73a5151c872292fed1
20181008.0,828163.589674627,Main,CSI 300 Index,49a0a4d1fd8f9616a69909cec22531a01219e391bfe1df73a5151c872292fed1
20181009.0,826377.2408318759,Main,CSI 300 Index,49a0a4d1fd8f9616a69909cec22531a01219e391bfe1df73a5151c872292fed1
20181010.0,786719.3970557838,Main,CSI 300 Index,49a0a4d1fd8f9616a69909cec22531a01219e391bfe1df73a5151c872292fed1
20181011.0,798457.2504660459,Main,CSI 300 Index,49a0a4d1fd8f9616a69909cec22531a01219e391bfe1df73a5151c872292fed1
20181012.0,787308.3918824983,Main,CSI 300 Index,49a0a4d1fd8f9616a69909cec22531a01219e391bfe1df73a5151c872292fed1
20181015.0,780892.6157747094,Main,CSI 300 Index,49a0a4d1fd8f9616a69909cec22531a01219e391bfe1df73a5151c872292fed1
20181016.0,785242.1876040216,Main,CSI 300 Index,49a0a4d1fd8f9616a69909cec22531a01219e391bfe1df73a5151c872292fed1
20181017.0,766644.5116651094,Main,CSI 300 Index,49a0a4d1fd8f9616a69909cec22531a01219e391bfe1df73a5151c872292fed1
20181018.0,789448.3527006006,Main,CSI 300 Index,49a0a4d1fd8f9616a69909cec22531a01219e391bfe1df73a5151c872292fed1
20181019.0,823526.4697120195,Main,CSI 300 Index,49a0a4d1fd8f9616a69909cec22531a01219e391bfe1df73a5151c872292fed1
20181022.0,801656.9007987515,Main,CSI 300 Index,49a0a4d1fd8f9616a69909cec22531a01219e391bfe1df73a5151c872292fed1
20181023.0,802859.3860946535,Main,CSI 300 Index,49a0a4d1fd8f9616a69909cec22531a01219e391bfe1df73a5151c872292fed1
20181024.0,804396.8619121047,Main,CSI 300 Index,49a0a4d1fd8f9616a69909cec22531a01219e391bfe1df73a5151c872292fed1
20181025.0,799190.8053552957,Main,CSI 300 Index,49a0a4d1fd8f9616a69909cec22531a01219e391bfe1df73a5151c872292fed1
20181026.0,774828.2728704205,Main,CSI 300 Index,49a0a4d1fd8f9616a69909cec22531a01219e391bfe1df73a5151c872292fed1
20181029.0,783232.0603245042,Main,CSI 300 Index,49a0a4d1fd8f9616a69909cec22531a01219e391bfe1df73a5151c872292fed1
20181030.0,794202.0085207978,Main,CSI 300 Index,49a0a4d1fd8f9616a69909cec22531a01219e391bfe1df73a5151c872292fed1
20181031.0,800047.335357295,Main,CSI 300 Index,49a0a4d1fd8f9616a69909cec22531a01219e391bfe1df73a5151c872292fed1
20181101.0,828556.2220650787,Main,CSI 300 Index,49a0a4d1fd8f9616a69909cec22531a01219e391bfe1df73a5151c872292fed1
20181102.0,821653.5202075972,Main,CSI 300 Index,49a0a4d1fd8f9616a69909cec22531a01219e391bfe1df73a5151c872292fed1
20181105.0,816696.4845049699,Main,CSI 300 Index,49a0a4d1fd8f9616a69909cec22531a01219e391bfe1df73a5151c872292fed1
20181106.0,811347.939219556,Main,CSI 300 Index,49a0a4d1fd8f9616a69909cec22531a01219e391bfe1df73a5151c872292fed1
20181107.0,809046.9564280212,Main,CSI 300 Index,49a0a4d1fd8f9616a69909cec22531a01219e391bfe1df73a5151c872292fed1
20181108.0,797632.1129902476,Main,CSI 300 Index,49a0a4d1fd8f9616a69909cec22531a01219e391bfe1df73a5151c872292fed1
20181109.0,807124.7326984463,Main,CSI 300 Index,49a0a4d1fd8f9616a69909cec22531a01219e391bfe1df73a5151c872292fed1
20181112.0,815243.6003821588,Main,CSI 300 Index,49a0a4d1fd8f9616a69909cec22531a01219e391bfe1df73a5151c872292fed1
20181113.0,807074.8595272332,Main,CSI 300 Index,49a0a4d1fd8f9616a69909cec22531a01219e391bfe1df73a5151c872292fed1
20181114.0,816500.6868299748,Main,CSI 300 Index,49a0a4d1fd8f9616a69909cec22531a01219e391bfe1df73a5151c872292fed1
20181115.0,820353.7535370209,Main,CSI 300 Index,49a0a4d1fd8f9616a69909cec22531a01219e391bfe1df73a5151c872292fed1
20181116.0,829653.2836976651,Main,CSI 300 Index,49a0a4d1fd8f9616a69909cec22531a01219e391bfe1df73a5151c872292fed1
20181119.0,810465.8922026525,Main,CSI 300 Index,49a0a4d1fd8f9616a69909cec22531a01219e391bfe1df73a5151c872292fed1
20181120.0,812501.7826072357,Main,CSI 300 Index,49a0a4d1fd8f9616a69909cec22531a01219e391bfe1df73a5151c872292fed1
20181121.0,809463.8383507845,Main,CSI 300 Index,49a0a4d1fd8f9616a69909cec22531a01219e391bfe1df73a5151c872292fed1
20181122.0,791596.5431006555,Main,CSI 300 Index,49a0a4d1fd8f9616a69909cec22531a01219e391bfe1df73a5151c872292fed1
20181123.0,791034.5094946091,Main,CSI 300 Index,49a0a4d1fd8f9616a69909cec22531a01219e391bfe1df73a5151c872292fed1
20181126.0,790026.7316229825,Main,CSI 300 Index,49a0a4d1fd8f9616a69909cec22531a01219e391bfe1df73a5151c872292fed1
20181127.0,800525.3967663342,Main,CSI 300 Index,49a0a4d1fd8f9616a69909cec22531a01219e391bfe1df73a5151c872292fed1
20181128.0,790130.5745448435,Main,CSI 300 Index,49a0a4d1fd8f9616a69909cec22531a01219e391bfe1df73a5151c872292fed1
20181129.0,798953.1725137624,Main,CSI 300 Index,49a0a4d1fd8f9616a69909cec22531a01219e391bfe1df73a5151c872292fed1
20181130.0,821179.25086881,Main,CSI 300 Index,49a0a4d1fd8f9616a69909cec22531a01219e391bfe1df73a5151c872292fed1
20181203.0,822881.5553805708,Main,CSI 300 Index,49a0a4d1fd8f9616a69909cec22531a01219e391bfe1df73a5151c872292fed1
20181204.0,818926.7866760655,Main,CSI 300 Index,49a0a4d1fd8f9616a69909cec22531a01219e391bfe1df73a5151c872292fed1
20181205.0,801215.8570439491,Main,CSI 300 Index,49a0a4d1fd8f9616a69909cec22531a01219e391bfe1df73a5151c872292fed1
20181206.0,801188.6157318073,Main,CSI 300 Index,49a0a4d1fd8f9616a69909cec22531a01219e391bfe1df73a5151c872292fed1
20181207.0,791921.2669928549,Main,CSI 300 Index,49a0a4d1fd8f9616a69909cec22531a01219e391bfe1df73a5151c872292fed1
20181210.0,795712.1940889482,Main,CSI 300 Index,49a0a4d1fd8f9616a69909cec22531a01219e391bfe1df73a5151c872292fed1
20181211.0,798430.346932216,Main,CSI 300 Index,49a0a4d1fd8f9616a69909cec22531a01219e391bfe1df73a5151c872292fed1
20181212.0,810790.8471474261,Main,CSI 300 Index,49a0a4d1fd8f9616a69909cec22531a01219e391bfe1df73a5151c872292fed1
20181213.0,797247.3968211458,Main,CSI 300 Index,49a0a4d1fd8f9616a69909cec22531a01219e391bfe1df73a5151c872292fed1
20181214.0,796060.2954960163,Main,CSI 300 Index,49a0a4d1fd8f9616a69909cec22531a01219e391bfe1df73a5151c872292fed1
20181217.0,787808.3344077888,Main,CSI 300 Index,49a0a4d1fd8f9616a69909cec22531a01219e391bfe1df73a5151c872292fed1
20181218.0,778415.2957137765,Main,CSI 300 Index,49a0a4d1fd8f9616a69909cec22531a01219e391bfe1df73a5151c872292fed1
20181219.0,772444.8503983571,Main,CSI 300 Index,49a0a4d1fd8f9616a69909cec22531a01219e391bfe1df73a5151c872292fed1
20181220.0,762870.3964670798,Main,CSI 300 Index,49a0a4d1fd8f9616a69909cec22531a01219e391bfe1df73a5151c872292fed1
20181221.0,765087.2977923586,Main,CSI 300 Index,49a0a4d1fd8f9616a69909cec22531a01219e391bfe1df73a5151c872292fed1
20181224.0,759820.4368663325,Main,CSI 300 Index,49a0a4d1fd8f9616a69909cec22531a01219e391bfe1df73a5151c872292fed1
20181225.0,755980.3043216346,Main,CSI 300 Index,49a0a4d1fd8f9616a69909cec22531a01219e391bfe1df73a5151c872292fed1
20181226.0,753077.3400429618,Main,CSI 300 Index,49a0a4d1fd8f9616a69909cec22531a01219e391bfe1df73a5151c872292fed1
20181227.0,758150.822071578,Main,CSI 300 Index,49a0a4d1fd8f9616a69909cec22531a01219e391bfe1df73a5151c872292fed1
20181228.0,747795.9980927042,Main,CSI 300 Index,49a0a4d1fd8f9616a69909cec22531a01219e391bfe1df73a5151c872292fed1
20190102.0,746614.4803855049,Main,CSI 300 Index,49a0a4d1fd8f9616a69909cec22531a01219e391bfe1df73a5151c872292fed1
20190103.0,764501.8701894893,Main,CSI 300 Index,49a0a4d1fd8f9616a69909cec22531a01219e391bfe1df73a5151c872292fed1
20190104.0,769142.3965242824,Main,CSI 300 Index,49a0a4d1fd8f9616a69909cec22531a01219e391bfe1df73a5151c872292fed1
20190107.0,767480.2797976065,Main,CSI 300 Index,49a0a4d1fd8f9616a69909cec22531a01219e391bfe1df73a5151c872292fed1
20190108.0,775229.528171425,Main,CSI 300 Index,49a0a4d1fd8f9616a69909cec22531a01219e391bfe1df73a5151c872292fed1
20190109.0,773771.3213949517,Main,CSI 300 Index,49a0a4d1fd8f9616a69909cec22531a01219e391bfe1df73a5151c872292fed1
20190110.0,779334.7372315634,Main,CSI 300 Index,49a0a4d1fd8f9616a69909cec22531a01219e391bfe1df73a5151c872292fed1
20190111.0,772537.3796798426,Main,CSI 300 Index,49a0a4d1fd8f9616a69909cec22531a01219e391bfe1df73a5151c872292fed1
20190114.0,787698.4257199798,Main,CSI 300 Index,49a0a4d1fd8f9616a69909cec22531a01219e391bfe1df73a5151c872292fed1
20190115.0,787865.4178233322,Main,CSI 300 Index,49a0a4d1fd8f9616a69909cec22531a01219e391bfe1df73a5151c872292fed1
20190116.0,783525.0672401907,Main,CSI 300 Index,49a0a4d1fd8f9616a69909cec22531a01219e391bfe1df73a5151c872292fed1
20190117.0,797818.1314744147,Main,CSI 300 Index,49a0a4d1fd8f9616a69909cec22531a01219e391bfe1df73a5151c872292fed1
20190118.0,802215.7050610046,Main,CSI 300 Index,49a0a4d1fd8f9616a69909cec22531a01219e391bfe1df73a5151c872292fed1
20190121.0,791559.0715822475,Main,CSI 300 Index,49a0a4d1fd8f9616a69909cec22531a01219e391bfe1df73a5151c872292fed1
20190122.0,790989.149021293,Main,CSI 300 Index,49a0a4d1fd8f9616a69909cec22531a01219e391bfe1df73a5151c872292fed1
20190123.0,795453.4918165162,Main,CSI 300 Index,49a0a4d1fd8f9616a69909cec22531a01219e391bfe1df73a5151c872292fed1
20190124.0,801922.119649089,Main,CSI 300 Index,49a0a4d1fd8f9616a69909cec22531a01219e391bfe1df73a5151c872292fed1
20190125.0,801748.1025707755,Main,CSI 300 Index,49a0a4d1fd8f9616a69909cec22531a01219e391bfe1df73a5151c872292fed1
20190128.0,804314.4982316965,Main,CSI 300 Index,49a0a4d1fd8f9616a69909cec22531a01219e391bfe1df73a5151c872292fed1
20190129.0,797896.0685293511,Main,CSI 300 Index,49a0a4d1fd8f9616a69909cec22531a01219e391bfe1df73a5151c872292fed1
20190130.0,806243.6572011509,Main,CSI 300 Index,49a0a4d1fd8f9616a69909cec22531a01219e391bfe1df73a5151c872292fed1
20190131.0,817768.1040036271,Main,CSI 300 Index,49a0a4d1fd8f9616a69909cec22531a01219e391bfe1df73a5151c872292fed1
20190201.0,832644.9413374353,Main,CSI 300 Index,49a0a4d1fd8f9616a69909cec22531a01219e391bfe1df73a5151c872292fed1
20190211.0,838654.1398975194,Main,CSI 300 Index,49a0a4d1fd8f9616a69909cec22531a01219e391bfe1df73a5151c872292fed1
20190212.0,855449.0276691644,Main,CSI 300 Index,49a0a4d1fd8f9616a69909cec22531a01219e391bfe1df73a5151c872292fed1
20190213.0,856736.4784541393,Main,CSI 300 Index,49a0a4d1fd8f9616a69909cec22531a01219e391bfe1df73a5151c872292fed1
20190214.0,840761.7701424225,Main,CSI 300 Index,49a0a4d1fd8f9616a69909cec22531a01219e391bfe1df73a5151c872292fed1
20190215.0,867716.5924549911,Main,CSI 300 Index,49a0a4d1fd8f9616a69909cec22531a01219e391bfe1df73a5151c872292fed1
20190218.0,866171.18922474,Main,CSI 300 Index,49a0a4d1fd8f9616a69909cec22531a01219e391bfe1df73a5151c872292fed1
20190219.0,869273.8143652382,Main,CSI 300 Index,49a0a4d1fd8f9616a69909cec22531a01219e391bfe1df73a5151c872292fed1
20190220.0,866951.9840387376,Main,CSI 300 Index,49a0a4d1fd8f9616a69909cec22531a01219e391bfe1df73a5151c872292fed1
20190221.0,886446.2663589356,Main,CSI 300 Index,49a0a4d1fd8f9616a69909cec22531a01219e391bfe1df73a5151c872292fed1
20190222.0,939169.4309879043,Main,CSI 300 Index,49a0a4d1fd8f9616a69909cec22531a01219e391bfe1df73a5151c872292fed1
20190225.0,927890.9452971554,Main,CSI 300 Index,49a0a4d1fd8f9616a69909cec22531a01219e391bfe1df73a5151c872292fed1
20190226.0,926304.2517205047,Main,CSI 300 Index,49a0a4d1fd8f9616a69909cec22531a01219e391bfe1df73a5151c872292fed1
20190227.0,924032.0273947816,Main,CSI 300 Index,49a0a4d1fd8f9616a69909cec22531a01219e391bfe1df73a5151c872292fed1
20190228.0,944264.6326706694,Main,CSI 300 Index,49a0a4d1fd8f9616a69909cec22531a01219e391bfe1df73a5151c872292fed1
20190301.0,955442.8373728989,Main,CSI 300 Index,49a0a4d1fd8f9616a69909cec22531a01219e391bfe1df73a5151c872292fed1
20190304.0,960959.5643110692,Main,CSI 300 Index,49a0a4d1fd8f9616a69909cec22531a01219e391bfe1df73a5151c872292fed1
20190305.0,969037.3904037952,Main,CSI 300 Index,49a0a4d1fd8f9616a69909cec22531a01219e391bfe1df73a5151c872292fed1
20190306.0,959156.1161534681,Main,CSI 300 Index,49a0a4d1fd8f9616a69909cec22531a01219e391bfe1df73a5151c872292fed1
20190307.0,921062.2718297967,Main,CSI 300 Index,49a0a4d1fd8f9616a69909cec22531a01219e391bfe1df73a5151c872292fed1
20190308.0,939288.252139602,Main,CSI 300 Index,49a0a4d1fd8f9616a69909cec22531a01219e391bfe1df73a5151c872292fed1
20190311.0,945683.8658326517,Main,CSI 300 Index,49a0a4d1fd8f9616a69909cec22531a01219e391bfe1df73a5151c872292fed1
20190312.0,937837.5267457725,Main,CSI 300 Index,49a0a4d1fd8f9616a69909cec22531a01219e391bfe1df73a5151c872292fed1
20190313.0,931363.6343533375,Main,CSI 300 Index,49a0a4d1fd8f9616a69909cec22531a01219e391bfe1df73a5151c872292fed1
20190314.0,943078.3261419772,Main,CSI 300 Index,49a0a4d1fd8f9616a69909cec22531a01219e391bfe1df73a5151c872292fed1
20190315.0,969958.8876892232,Main,CSI 300 Index,49a0a4d1fd8f9616a69909cec22531a01219e391bfe1df73a5151c872292fed1
20190318.0,965480.5874261517,Main,CSI 300 Index,49a0a4d1fd8f9616a69909cec22531a01219e391bfe1df73a5151c872292fed1
20190319.0,965852.2975024031,Main,CSI 300 Index,49a0a4d1fd8f9616a69909cec22531a01219e391bfe1df73a5151c872292fed1
20190320.0,966217.3896672555,Main,CSI 300 Index,49a0a4d1fd8f9616a69909cec22531a01219e391bfe1df73a5151c872292fed1
20190321.0,965439.5847000193,Main,CSI 300 Index,49a0a4d1fd8f9616a69909cec22531a01219e391bfe1df73a5151c872292fed1
20190322.0,942529.7033523123,Main,CSI 300 Index,49a0a4d1fd8f9616a69909cec22531a01219e391bfe1df73a5151c872292fed1
20190325.0,931855.5544402427,Main,CSI 300 Index,49a0a4d1fd8f9616a69909cec22531a01219e391bfe1df73a5151c872292fed1
20190326.0,942670.6699419647,Main,CSI 300 Index,49a0a4d1fd8f9616a69909cec22531a01219e391bfe1df73a5151c872292fed1
20190327.0,938895.2739333427,Main,CSI 300 Index,49a0a4d1fd8f9616a69909cec22531a01219e391bfe1df73a5151c872292fed1
20190328.0,975144.1426977525,Main,CSI 300 Index,49a0a4d1fd8f9616a69909cec22531a01219e391bfe1df73a5151c872292fed1
20190329.0,1000726.0741170488,Main,CSI 300 Index,49a0a4d1fd8f9616a69909cec22531a01219e391bfe1df73a5151c872292fed1
20190401.0,1000060.5913247037,Main,CSI 300 Index,49a0a4d1fd8f9616a69909cec22531a01219e391bfe1df73a5151c872292fed1
20190402.0,1012871.3674271154,Main,CSI 300 Index,49a0a4d1fd8f9616a69909cec22531a01219e391bfe1df73a5151c872292fed1
20190403.0,1022962.605082998,Main,CSI 300 Index,49a0a4d1fd8f9616a69909cec22531a01219e391bfe1df73a5151c872292fed1
20190404.0,1021703.3380320027,Main,CSI 300 Index,49a0a4d1fd8f9616a69909cec22531a01219e391bfe1df73a5151c872292fed1
20190408.0,1026286.6987449641,Main,CSI 300 Index,49a0a4d1fd8f9616a69909cec22531a01219e391bfe1df73a5151c872292fed1
20190409.0,1028909.8881663523,Main,CSI 300 Index,49a0a4d1fd8f9616a69909cec22531a01219e391bfe1df73a5151c872292fed1
20190410.0,1006681.3186962556,Main,CSI 300 Index,49a0a4d1fd8f9616a69909cec22531a01219e391bfe1df73a5151c872292fed1
20190411.0,1004424.3391603623,Main,CSI 300 Index,49a0a4d1fd8f9616a69909cec22531a01219e391bfe1df73a5151c872292fed1
20190412.0,1001126.814102647,Main,CSI 300 Index,49a0a4d1fd8f9616a69909cec22531a01219e391bfe1df73a5151c872292fed1
20190415.0,1028894.0675255451,Main,CSI 300 Index,49a0a4d1fd8f9616a69909cec22531a01219e391bfe1df73a5151c872292fed1
20190416.0,1029259.3249168971,Main,CSI 300 Index,49a0a4d1fd8f9616a69909cec22531a01219e391bfe1df73a5151c872292fed1
20190417.0,1025440.7726419241,Main,CSI 300 Index,49a0a4d1fd8f9616a69909cec22531a01219e391bfe1df73a5151c872292fed1
20190418.0,1037661.9755231327,Main,CSI 300 Index,49a0a4d1fd8f9616a69909cec22531a01219e391bfe1df73a5151c872292fed1
20190419.0,1013739.7166178129,Main,CSI 300 Index,49a0a4d1fd8f9616a69909cec22531a01219e391bfe1df73a5151c872292fed1
20190422.0,1012076.169725556,Main,CSI 300 Index,49a0a4d1fd8f9616a69909cec22531a01219e391bfe1df73a5151c872292fed1
20190423.0,1014867.4757875495,Main,CSI 300 Index,49a0a4d1fd8f9616a69909cec22531a01219e391bfe1df73a5151c872292fed1
20190424.0,992638.8334712868,Main,CSI 300 Index,49a0a4d1fd8f9616a69909cec22531a01219e391bfe1df73a5151c872292fed1
20190425.0,979407.9504771578,Main,CSI 300 Index,49a0a4d1fd8f9616a69909cec22531a01219e391bfe1df73a5151c872292fed1
20190426.0,982192.4072699565,Main,CSI 300 Index,49a0a4d1fd8f9616a69909cec22531a01219e391bfe1df73a5151c872292fed1
20190429.0,985435.6065871706,Main,CSI 300 Index,49a0a4d1fd8f9616a69909cec22531a01219e391bfe1df73a5151c872292fed1
20190430.0,927870.4002365636,Main,CSI 300 Index,49a0a4d1fd8f9616a69909cec22531a01219e391bfe1df73a5151c872292fed1
20190506.0,936948.6841786348,Main,CSI 300 Index,49a0a4d1fd8f9616a69909cec22531a01219e391bfe1df73a5151c872292fed1
20190507.0,923549.381052122,Main,CSI 300 Index,49a0a4d1fd8f9616a69909cec22531a01219e391bfe1df73a5151c872292fed1
20190508.0,906486.8063084328,Main,CSI 300 Index,49a0a4d1fd8f9616a69909cec22531a01219e391bfe1df73a5151c872292fed1
20190509.0,939413.1265431719,Main,CSI 300 Index,49a0a4d1fd8f9616a69909cec22531a01219e391bfe1df73a5151c872292fed1
20190510.0,923869.5969264852,Main,CSI 300 Index,49a0a4d1fd8f9616a69909cec22531a01219e391bfe1df73a5151c872292fed1
20190513.0,917932.8109146119,Main,CSI 300 Index,49a0a4d1fd8f9616a69909cec22531a01219e391bfe1df73a5151c872292fed1
20190514.0,938567.9405002039,Main,CSI 300 Index,49a0a4d1fd8f9616a69909cec22531a01219e391bfe1df73a5151c872292fed1
20190515.0,942816.837605435,Main,CSI 300 Index,49a0a4d1fd8f9616a69909cec22531a01219e391bfe1df73a5151c872292fed1
20190516.0,918842.8909878806,Main,CSI 300 Index,49a0a4d1fd8f9616a69909cec22531a01219e391bfe1df73a5151c872292fed1
20190517.0,911043.7525539334,Main,CSI 300 Index,49a0a4d1fd8f9616a69909cec22531a01219e391bfe1df73a5151c872292fed1
20190520.0,923379.2849492172,Main,CSI 300 Index,49a0a4d1fd8f9616a69909cec22531a01219e391bfe1df73a5151c872292fed1
20190521.0,918998.7736439515,Main,CSI 300 Index,49a0a4d1fd8f9616a69909cec22531a01219e391bfe1df73a5151c872292fed1
20190522.0,902525.7206407952,Main,CSI 300 Index,49a0a4d1fd8f9616a69909cec22531a01219e391bfe1df73a5151c872292fed1
20190523.0,905031.1320553741,Main,CSI 300 Index,49a0a4d1fd8f9616a69909cec22531a01219e391bfe1df73a5151c872292fed1
20190524.0,915930.4219123881,Main,CSI 300 Index,49a0a4d1fd8f9616a69909cec22531a01219e391bfe1df73a5151c872292fed1
20190527.0,924759.9912390481,Main,CSI 300 Index,49a0a4d1fd8f9616a69909cec22531a01219e391bfe1df73a5151c872292fed1
20190528.0,922657.0870417767,Main,CSI 300 Index,49a0a4d1fd8f9616a69909cec22531a01219e391bfe1df73a5151c872292fed1
20190529.0,916933.8450890448,Main,CSI 300 Index,49a0a4d1fd8f9616a69909cec22531a01219e391bfe1df73a5151c872292fed1
20190530.0,914064.759059378,Main,CSI 300 Index,49a0a4d1fd8f9616a69909cec22531a01219e391bfe1df73a5151c872292fed1
20190531.0,914625.0807805228,Main,CSI 300 Index,49a0a4d1fd8f9616a69909cec22531a01219e391bfe1df73a5151c872292fed1
20190603.0,906177.60353314,Main,CSI 300 Index,49a0a4d1fd8f9616a69909cec22531a01219e391bfe1df73a5151c872292fed1
20190604.0,905835.0684481246,Main,CSI 300 Index,49a0a4d1fd8f9616a69909cec22531a01219e391bfe1df73a5151c872292fed1
20190605.0,897668.9652145039,Main,CSI 300 Index,49a0a4d1fd8f9616a69909cec22531a01219e391bfe1df73a5151c872292fed1
20190606.0,909269.5413475058,Main,CSI 300 Index,49a0a4d1fd8f9616a69909cec22531a01219e391bfe1df73a5151c872292fed1
20190610.0,936600.3651487326,Main,CSI 300 Index,49a0a4d1fd8f9616a69909cec22531a01219e391bfe1df73a5151c872292fed1
20190611.0,929503.7442537639,Main,CSI 300 Index,49a0a4d1fd8f9616a69909cec22531a01219e391bfe1df73a5151c872292fed1
20190612.0,928067.6609393068,Main,CSI 300 Index,49a0a4d1fd8f9616a69909cec22531a01219e391bfe1df73a5151c872292fed1
20190613.0,920384.1887872774,Main,CSI 300 Index,49a0a4d1fd8f9616a69909cec22531a01219e391bfe1df73a5151c872292fed1
20190614.0,920370.3830144481,Main,CSI 300 Index,49a0a4d1fd8f9616a69909cec22531a01219e391bfe1df73a5151c872292fed1
20190617.0,923592.5996853719,Main,CSI 300 Index,49a0a4d1fd8f9616a69909cec22531a01219e391bfe1df73a5151c872292fed1
20190618.0,935760.0086234397,Main,CSI 300 Index,49a0a4d1fd8f9616a69909cec22531a01219e391bfe1df73a5151c872292fed1
20190619.0,964110.7296193346,Main,CSI 300 Index,49a0a4d1fd8f9616a69909cec22531a01219e391bfe1df73a5151c872292fed1
20190620.0,965475.9104174192,Main,CSI 300 Index,49a0a4d1fd8f9616a69909cec22531a01219e391bfe1df73a5151c872292fed1
20190621.0,967320.9348120996,Main,CSI 300 Index,49a0a4d1fd8f9616a69909cec22531a01219e391bfe1df73a5151c872292fed1
20190624.0,957258.8624821097,Main,CSI 300 Index,49a0a4d1fd8f9616a69909cec22531a01219e391bfe1df73a5151c872292fed1
20190625.0,955501.3351842527,Main,CSI 300 Index,49a0a4d1fd8f9616a69909cec22531a01219e391bfe1df73a5151c872292fed1
20190626.0,965696.5344931078,Main,CSI 300 Index,49a0a4d1fd8f9616a69909cec22531a01219e391bfe1df73a5151c872292fed1
20190627.0,963372.1028666449,Main,CSI 300 Index,49a0a4d1fd8f9616a69909cec22531a01219e391bfe1df73a5151c872292fed1
20190628.0,991129.7433426192,Main,CSI 300 Index,49a0a4d1fd8f9616a69909cec22531a01219e391bfe1df73a5151c872292fed1
20190701.0,991471.68304249,Main,CSI 300 Index,49a0a4d1fd8f9616a69909cec22531a01219e391bfe1df73a5151c872292fed1
20190702.0,980483.2024152924,Main,CSI 300 Index,49a0a4d1fd8f9616a69909cec22531a01219e391bfe1df73a5151c872292fed1
20190703.0,975337.626591312,Main,CSI 300 Index,49a0a4d1fd8f9616a69909cec22531a01219e391bfe1df73a5151c872292fed1
20190704.0,980399.6288373892,Main,CSI 300 Index,49a0a4d1fd8f9616a69909cec22531a01219e391bfe1df73a5151c872292fed1
20190705.0,957631.8082979318,Main,CSI 300 Index,49a0a4d1fd8f9616a69909cec22531a01219e391bfe1df73a5151c872292fed1
20190708.0,955199.4234352116,Main,CSI 300 Index,49a0a4d1fd8f9616a69909cec22531a01219e391bfe1df73a5151c872292fed1
20190709.0,953589.9124248988,Main,CSI 300 Index,49a0a4d1fd8f9616a69909cec22531a01219e391bfe1df73a5151c872292fed1
20190710.0,953207.52285653,Main,CSI 300 Index,49a0a4d1fd8f9616a69909cec22531a01219e391bfe1df73a5151c872292fed1
20190711.0,959127.8947755201,Main,CSI 300 Index,49a0a4d1fd8f9616a69909cec22531a01219e391bfe1df73a5151c872292fed1
20190712.0,963020.0358201081,Main,CSI 300 Index,49a0a4d1fd8f9616a69909cec22531a01219e391bfe1df73a5151c872292fed1
20190715.0,958652.73998955,Main,CSI 300 Index,49a0a4d1fd8f9616a69909cec22531a01219e391bfe1df73a5151c872292fed1
20190716.0,958096.7213809642,Main,CSI 300 Index,49a0a4d1fd8f9616a69909cec22531a01219e391bfe1df73a5151c872292fed1
20190717.0,948971.8081603585,Main,CSI 300 Index,49a0a4d1fd8f9616a69909cec22531a01219e391bfe1df73a5151c872292fed1
20190718.0,958932.2162385982,Main,CSI 300 Index,49a0a4d1fd8f9616a69909cec22531a01219e391bfe1df73a5151c872292fed1
20190719.0,952316.5429259061,Main,CSI 300 Index,49a0a4d1fd8f9616a69909cec22531a01219e391bfe1df73a5151c872292fed1
20190722.0,954389.7360614821,Main,CSI 300 Index,49a0a4d1fd8f9616a69909cec22531a01219e391bfe1df73a5151c872292fed1
20190723.0,961923.6886089991,Main,CSI 300 Index,49a0a4d1fd8f9616a69909cec22531a01219e391bfe1df73a5151c872292fed1
20190724.0,969789.3386447468,Main,CSI 300 Index,49a0a4d1fd8f9616a69909cec22531a01219e391bfe1df73a5151c872292fed1
20190725.0,971678.4882818748,Main,CSI 300 Index,49a0a4d1fd8f9616a69909cec22531a01219e391bfe1df73a5151c872292fed1
20190726.0,970596.0384100049,Main,CSI 300 Index,49a0a4d1fd8f9616a69909cec22531a01219e391bfe1df73a5151c872292fed1
20190729.0,974637.6002691231,Main,CSI 300 Index,49a0a4d1fd8f9616a69909cec22531a01219e391bfe1df73a5151c872292fed1
20190730.0,965833.6988384627,Main,CSI 300 Index,49a0a4d1fd8f9616a69909cec22531a01219e391bfe1df73a5151c872292fed1
20190731.0,957802.7916793476,Main,CSI 300 Index,49a0a4d1fd8f9616a69909cec22531a01219e391bfe1df73a5151c872292fed1
20190801.0,943692.4408905988,Main,CSI 300 Index,49a0a4d1fd8f9616a69909cec22531a01219e391bfe1df73a5151c872292fed1
20190802.0,925624.5054250214,Main,CSI 300 Index,49a0a4d1fd8f9616a69909cec22531a01219e391bfe1df73a5151c872292fed1
20190805.0,915712.918216465,Main,CSI 300 Index,49a0a4d1fd8f9616a69909cec22531a01219e391bfe1df73a5151c872292fed1
20190806.0,911961.2423845654,Main,CSI 300 Index,49a0a4d1fd8f9616a69909cec22531a01219e391bfe1df73a5151c872292fed1
20190807.0,924014.6341517561,Main,CSI 300 Index,49a0a4d1fd8f9616a69909cec22531a01219e391bfe1df73a5151c872292fed1
20190808.0,915008.2635174813,Main,CSI 300 Index,49a0a4d1fd8f9616a69909cec22531a01219e391bfe1df73a5151c872292fed1
20190809.0,931521.4176228548,Main,CSI 300 Index,49a0a4d1fd8f9616a69909cec22531a01219e391bfe1df73a5151c872292fed1
20190812.0,923121.8890242319,Main,CSI 300 Index,49a0a4d1fd8f9616a69909cec22531a01219e391bfe1df73a5151c872292fed1
20190813.0,927314.7086218015,Main,CSI 300 Index,49a0a4d1fd8f9616a69909cec22531a01219e391bfe1df73a5151c872292fed1
20190814.0,930235.7499411001,Main,CSI 300 Index,49a0a4d1fd8f9616a69909cec22531a01219e391bfe1df73a5151c872292fed1
20190815.0,934400.4154111628,Main,CSI 300 Index,49a0a4d1fd8f9616a69909cec22531a01219e391bfe1df73a5151c872292fed1
20190816.0,954686.2484445575,Main,CSI 300 Index,49a0a4d1fd8f9616a69909cec22531a01219e391bfe1df73a5151c872292fed1
20190819.0,953839.4417778763,Main,CSI 300 Index,49a0a4d1fd8f9616a69909cec22531a01219e391bfe1df73a5151c872292fed1
20190820.0,952335.2369206533,Main,CSI 300 Index,49a0a4d1fd8f9616a69909cec22531a01219e391bfe1df73a5151c872292fed1
20190821.0,955293.1901858557,Main,CSI 300 Index,49a0a4d1fd8f9616a69909cec22531a01219e391bfe1df73a5151c872292fed1
20190822.0,962182.7646758641,Main,CSI 300 Index,49a0a4d1fd8f9616a69909cec22531a01219e391bfe1df73a5151c872292fed1
20190823.0,948344.6522184295,Main,CSI 300 Index,49a0a4d1fd8f9616a69909cec22531a01219e391bfe1df73a5151c872292fed1
20190826.0,961196.6188598543,Main,CSI 300 Index,49a0a4d1fd8f9616a69909cec22531a01219e391bfe1df73a5151c872292fed1
20190827.0,957579.6359959085,Main,CSI 300 Index,49a0a4d1fd8f9616a69909cec22531a01219e391bfe1df73a5151c872292fed1
20190828.0,954457.9263807958,Main,CSI 300 Index,49a0a4d1fd8f9616a69909cec22531a01219e391bfe1df73a5151c872292fed1
20190829.0,956824.9820692876,Main,CSI 300 Index,49a0a4d1fd8f9616a69909cec22531a01219e391bfe1df73a5151c872292fed1
20190830.0,969097.2192855264,Main,CSI 300 Index,49a0a4d1fd8f9616a69909cec22531a01219e391bfe1df73a5151c872292fed1
20190902.0,970429.7279677034,Main,CSI 300 Index,49a0a4d1fd8f9616a69909cec22531a01219e391bfe1df73a5151c872292fed1
20190903.0,978586.189868813,Main,CSI 300 Index,49a0a4d1fd8f9616a69909cec22531a01219e391bfe1df73a5151c872292fed1
20190904.0,988488.5034348641,Main,CSI 300 Index,49a0a4d1fd8f9616a69909cec22531a01219e391bfe1df73a5151c872292fed1
20190905.0,994327.5050672521,Main,CSI 300 Index,49a0a4d1fd8f9616a69909cec22531a01219e391bfe1df73a5151c872292fed1
20190906.0,1000482.3922967428,Main,CSI 300 Index,49a0a4d1fd8f9616a69909cec22531a01219e391bfe1df73a5151c872292fed1
20190909.0,997036.7309994864,Main,CSI 300 Index,49a0a4d1fd8f9616a69909cec22531a01219e391bfe1df73a5151c872292fed1
20190910.0,989692.5583825115,Main,CSI 300 Index,49a0a4d1fd8f9616a69909cec22531a01219e391bfe1df73a5151c872292fed1
20190911.0,1000339.6709894569,Main,CSI 300 Index,49a0a4d1fd8f9616a69909cec22531a01219e391bfe1df73a5151c872292fed1
20190912.0,996646.4168670505,Main,CSI 300 Index,49a0a4d1fd8f9616a69909cec22531a01219e391bfe1df73a5151c872292fed1
20190916.0,979901.7603930213,Main,CSI 300 Index,49a0a4d1fd8f9616a69909cec22531a01219e391bfe1df73a5151c872292fed1
20190917.0,984652.3242190398,Main,CSI 300 Index,49a0a4d1fd8f9616a69909cec22531a01219e391bfe1df73a5151c872292fed1
20190918.0,988253.1977027659,Main,CSI 300 Index,49a0a4d1fd8f9616a69909cec22531a01219e391bfe1df73a5151c872292fed1
20190919.0,991091.4609527818,Main,CSI 300 Index,49a0a4d1fd8f9616a69909cec22531a01219e391bfe1df73a5151c872292fed1
20190920.0,979762.294373345,Main,CSI 300 Index,49a0a4d1fd8f9616a69909cec22531a01219e391bfe1df73a5151c872292fed1
20190923.0,982385.118037796,Main,CSI 300 Index,49a0a4d1fd8f9616a69909cec22531a01219e391bfe1df73a5151c872292fed1
20190924.0,974806.9992464279,Main,CSI 300 Index,49a0a4d1fd8f9616a69909cec22531a01219e391bfe1df73a5151c872292fed1
20190925.0,967291.2372818848,Main,CSI 300 Index,49a0a4d1fd8f9616a69909cec22531a01219e391bfe1df73a5151c872292fed1
20190926.0,970191.1764098582,Main,CSI 300 Index,49a0a4d1fd8f9616a69909cec22531a01219e391bfe1df73a5151c872292fed1
20190927.0,960590.1645570778,Main,CSI 300 Index,49a0a4d1fd8f9616a69909cec22531a01219e391bfe1df73a5151c872292fed1
20190930.0,966419.98624992,Main,CSI 300 Index,49a0a4d1fd8f9616a69909cec22531a01219e391bfe1df73a5151c872292fed1
20191008.0,967820.3288545954,Main,CSI 300 Index,49a0a4d1fd8f9616a69909cec22531a01219e391bfe1df73a5151c872292fed1
20191009.0,975727.4209317617,Main,CSI 300 Index,49a0a4d1fd8f9616a69909cec22531a01219e391bfe1df73a5151c872292fed1
20191010.0,985066.1080431973,Main,CSI 300 Index,49a0a4d1fd8f9616a69909cec22531a01219e391bfe1df73a5151c872292fed1
20191011.0,995520.6146749724,Main,CSI 300 Index,49a0a4d1fd8f9616a69909cec22531a01219e391bfe1df73a5151c872292fed1
20191014.0,991241.8670218816,Main,CSI 300 Index,49a0a4d1fd8f9616a69909cec22531a01219e391bfe1df73a5151c872292fed1
20191015.0,987826.0476245465,Main,CSI 300 Index,49a0a4d1fd8f9616a69909cec22531a01219e391bfe1df73a5151c872292fed1
20191016.0,988465.170991017,Main,CSI 300 Index,49a0a4d1fd8f9616a69909cec22531a01219e391bfe1df73a5151c872292fed1
20191017.0,974402.2770376666,Main,CSI 300 Index,49a0a4d1fd8f9616a69909cec22531a01219e391bfe1df73a5151c872292fed1
20191018.0,977288.4565829774,Main,CSI 300 Index,49a0a4d1fd8f9616a69909cec22531a01219e391bfe1df73a5151c872292fed1
20191021.0,981076.4266944764,Main,CSI 300 Index,49a0a4d1fd8f9616a69909cec22531a01219e391bfe1df73a5151c872292fed1
20191022.0,974831.875194723,Main,CSI 300 Index,49a0a4d1fd8f9616a69909cec22531a01219e391bfe1df73a5151c872292fed1
20191023.0,974726.5933576019,Main,CSI 300 Index,49a0a4d1fd8f9616a69909cec22531a01219e391bfe1df73a5151c872292fed1
20191024.0,981305.0231522463,Main,CSI 300 Index,49a0a4d1fd8f9616a69909cec22531a01219e391bfe1df73a5151c872292fed1
20191025.0,988808.0812948318,Main,CSI 300 Index,49a0a4d1fd8f9616a69909cec22531a01219e391bfe1df73a5151c872292fed1
20191028.0,984688.7069110948,Main,CSI 300 Index,49a0a4d1fd8f9616a69909cec22531a01219e391bfe1df73a5151c872292fed1
20191029.0,979904.1044931127,Main,CSI 300 Index,49a0a4d1fd8f9616a69909cec22531a01219e391bfe1df73a5151c872292fed1
20191030.0,978777.2146955669,Main,CSI 300 Index,49a0a4d1fd8f9616a69909cec22531a01219e391bfe1df73a5151c872292fed1
20191031.0,995305.8255161386,Main,CSI 300 Index,49a0a4d1fd8f9616a69909cec22531a01219e391bfe1df73a5151c872292fed1
20191101.0,1001786.2617529214,Main,CSI 300 Index,49a0a4d1fd8f9616a69909cec22531a01219e391bfe1df73a5151c872292fed1
20191104.0,1008004.3491358714,Main,CSI 300 Index,49a0a4d1fd8f9616a69909cec22531a01219e391bfe1df73a5151c872292fed1
20191105.0,1003488.4896541194,Main,CSI 300 Index,49a0a4d1fd8f9616a69909cec22531a01219e391bfe1df73a5151c872292fed1
20191106.0,1005249.6119509662,Main,CSI 300 Index,49a0a4d1fd8f9616a69909cec22531a01219e391bfe1df73a5151c872292fed1
20191107.0,1000498.802218267,Main,CSI 300 Index,49a0a4d1fd8f9616a69909cec22531a01219e391bfe1df73a5151c872292fed1
20191108.0,982863.0098454962,Main,CSI 300 Index,49a0a4d1fd8f9616a69909cec22531a01219e391bfe1df73a5151c872292fed1
20191111.0,983041.8909314991,Main,CSI 300 Index,49a0a4d1fd8f9616a69909cec22531a01219e391bfe1df73a5151c872292fed1
20191112.0,982108.0011499074,Main,CSI 300 Index,49a0a4d1fd8f9616a69909cec22531a01219e391bfe1df73a5151c872292fed1
20191113.0,983587.0557665675,Main,CSI 300 Index,49a0a4d1fd8f9616a69909cec22531a01219e391bfe1df73a5151c872292fed1
20191114.0,976342.9371551558,Main,CSI 300 Index,49a0a4d1fd8f9616a69909cec22531a01219e391bfe1df73a5151c872292fed1
20191115.0,984108.7688162348,Main,CSI 300 Index,49a0a4d1fd8f9616a69909cec22531a01219e391bfe1df73a5151c872292fed1
20191118.0,993957.7293822782,Main,CSI 300 Index,49a0a4d1fd8f9616a69909cec22531a01219e391bfe1df73a5151c872292fed1
20191119.0,984092.698911312,Main,CSI 300 Index,49a0a4d1fd8f9616a69909cec22531a01219e391bfe1df73a5151c872292fed1
20191120.0,979493.049653189,Main,CSI 300 Index,49a0a4d1fd8f9616a69909cec22531a01219e391bfe1df73a5151c872292fed1
20191121.0,969519.8514770857,Main,CSI 300 Index,49a0a4d1fd8f9616a69909cec22531a01219e391bfe1df73a5151c872292fed1
20191122.0,976624.492877371,Main,CSI 300 Index,49a0a4d1fd8f9616a69909cec22531a01219e391bfe1df73a5151c872292fed1
20191125.0,980010.4500266943,Main,CSI 300 Index,49a0a4d1fd8f9616a69909cec22531a01219e391bfe1df73a5151c872292fed1
20191126.0,975972.8070064354,Main,CSI 300 Index,49a0a4d1fd8f9616a69909cec22531a01219e391bfe1df73a5151c872292fed1
20191127.0,972619.3643770546,Main,CSI 300 Index,49a0a4d1fd8f9616a69909cec22531a01219e391bfe1df73a5151c872292fed1
20191128.0,964149.7950037161,Main,CSI 300 Index,49a0a4d1fd8f9616a69909cec22531a01219e391bfe1df73a5151c872292fed1
20191129.0,966010.6041248229,Main,CSI 300 Index,49a0a4d1fd8f9616a69909cec22531a01219e391bfe1df73a5151c872292fed1
20191202.0,969795.4336102055,Main,CSI 300 Index,49a0a4d1fd8f9616a69909cec22531a01219e391bfe1df73a5151c872292fed1
20191203.0,969476.3709639036,Main,CSI 300 Index,49a0a4d1fd8f9616a69909cec22531a01219e391bfe1df73a5151c872292fed1
20191204.0,976916.1326048183,Main,CSI 300 Index,49a0a4d1fd8f9616a69909cec22531a01219e391bfe1df73a5151c872292fed1
20191205.0,982713.1529713743,Main,CSI 300 Index,49a0a4d1fd8f9616a69909cec22531a01219e391bfe1df73a5151c872292fed1
20191206.0,980965.8889454319,Main,CSI 300 Index,49a0a4d1fd8f9616a69909cec22531a01219e391bfe1df73a5151c872292fed1
20191209.0,982208.7727309022,Main,CSI 300 Index,49a0a4d1fd8f9616a69909cec22531a01219e391bfe1df73a5151c872292fed1
20191210.0,982803.9912247515,Main,CSI 300 Index,49a0a4d1fd8f9616a69909cec22531a01219e391bfe1df73a5151c872292fed1
20191211.0,979851.6480299976,Main,CSI 300 Index,49a0a4d1fd8f9616a69909cec22531a01219e391bfe1df73a5151c872292fed1
20191212.0,999291.9047440378,Main,CSI 300 Index,49a0a4d1fd8f9616a69909cec22531a01219e391bfe1df73a5151c872292fed1
20191213.0,1004158.4563518129,Main,CSI 300 Index,49a0a4d1fd8f9616a69909cec22531a01219e391bfe1df73a5151c872292fed1
20191216.0,1017821.0362051112,Main,CSI 300 Index,49a0a4d1fd8f9616a69909cec22531a01219e391bfe1df73a5151c872292fed1
20191217.0,1015550.2775523879,Main,CSI 300 Index,49a0a4d1fd8f9616a69909cec22531a01219e391bfe1df73a5151c872292fed1
20191218.0,1014131.5538048655,Main,CSI 300 Index,49a0a4d1fd8f9616a69909cec22531a01219e391bfe1df73a5151c872292fed1
20191219.0,1011638.8184370997,Main,CSI 300 Index,49a0a4d1fd8f9616a69909cec22531a01219e391bfe1df73a5151c872292fed1
20191220.0,999008.507824802,Main,CSI 300 Index,49a0a4d1fd8f9616a69909cec22531a01219e391bfe1df73a5151c872292fed1
20191223.0,1005521.0442943932,Main,CSI 300 Index,49a0a4d1fd8f9616a69909cec22531a01219e391bfe1df73a5151c872292fed1
20191224.0,1004994.1512311822,Main,CSI 300 Index,49a0a4d1fd8f9616a69909cec22531a01219e391bfe1df73a5151c872292fed1
20191225.0,1013838.099739878,Main,CSI 300 Index,49a0a4d1fd8f9616a69909cec22531a01219e391bfe1df73a5151c872292fed1
20191226.0,1012840.4830944891,Main,CSI 300 Index,49a0a4d1fd8f9616a69909cec22531a01219e391bfe1df73a5151c872292fed1
20191227.0,1027850.7791827873,Main,CSI 300 Index,49a0a4d1fd8f9616a69909cec22531a01219e391bfe1df73a5151c872292fed1
20191230.0,1031615.796647559,Main,CSI 300 Index,49a0a4d1fd8f9616a69909cec22531a01219e391bfe1df73a5151c872292fed1
20191231.0,1045632.3604393135,Main,CSI 300 Index,49a0a4d1fd8f9616a69909cec22531a01219e391bfe1df73a5151c872292fed1
20200102.0,1043800.4126436189,Main,CSI 300 Index,49a0a4d1fd8f9616a69909cec22531a01219e391bfe1df73a5151c872292fed1
20200103.0,1039854.8465667809,Main,CSI 300 Index,49a0a4d1fd8f9616a69909cec22531a01219e391bfe1df73a5151c872292fed1
20200106.0,1047644.399015025,Main,CSI 300 Index,49a0a4d1fd8f9616a69909cec22531a01219e391bfe1df73a5151c872292fed1
20200107.0,1035579.7268765878,Main,CSI 300 Index,49a0a4d1fd8f9616a69909cec22531a01219e391bfe1df73a5151c872292fed1
20200108.0,1048688.094319604,Main,CSI 300 Index,49a0a4d1fd8f9616a69909cec22531a01219e391bfe1df73a5151c872292fed1
20200109.0,1048389.2185057511,Main,CSI 300 Index,49a0a4d1fd8f9616a69909cec22531a01219e391bfe1df73a5151c872292fed1
20200110.0,1058664.4815502807,Main,CSI 300 Index,49a0a4d1fd8f9616a69909cec22531a01219e391bfe1df73a5151c872292fed1
20200113.0,1055113.7203278376,Main,CSI 300 Index,49a0a4d1fd8f9616a69909cec22531a01219e391bfe1df73a5151c872292fed1
20200114.0,1049283.1620340988,Main,CSI 300 Index,49a0a4d1fd8f9616a69909cec22531a01219e391bfe1df73a5151c872292fed1
20200115.0,1044827.9057806835,Main,CSI 300 Index,49a0a4d1fd8f9616a69909cec22531a01219e391bfe1df73a5151c872292fed1
20200116.0,1046290.6649338315,Main,CSI 300 Index,49a0a4d1fd8f9616a69909cec22531a01219e391bfe1df73a5151c872292fed1
20200117.0,1054091.8086721536,Main,CSI 300 Index,49a0a4d1fd8f9616a69909cec22531a01219e391bfe1df73a5151c872292fed1
20200120.0,1036081.5952469577,Main,CSI 300 Index,49a0a4d1fd8f9616a69909cec22531a01219e391bfe1df73a5151c872292fed1
20200121.0,1040519.1334000736,Main,CSI 300 Index,49a0a4d1fd8f9616a69909cec22531a01219e391bfe1df73a5151c872292fed1
20200122.0,1008277.6072117697,Main,CSI 300 Index,49a0a4d1fd8f9616a69909cec22531a01219e391bfe1df73a5151c872292fed1
20200123.0,928816.2572392162,Main,CSI 300 Index,49a0a4d1fd8f9616a69909cec22531a01219e391bfe1df73a5151c872292fed1
20200203.0,953313.7860820834,Main,CSI 300 Index,49a0a4d1fd8f9616a69909cec22531a01219e391bfe1df73a5151c872292fed1
20200204.0,964113.8779777254,Main,CSI 300 Index,49a0a4d1fd8f9616a69909cec22531a01219e391bfe1df73a5151c872292fed1
20200205.0,982056.0372123366,Main,CSI 300 Index,49a0a4d1fd8f9616a69909cec22531a01219e391bfe1df73a5151c872292fed1
20200206.0,982079.6066097042,Main,CSI 300 Index,49a0a4d1fd8f9616a69909cec22531a01219e391bfe1df73a5151c872292fed1
20200207.0,986143.4519685748,Main,CSI 300 Index,49a0a4d1fd8f9616a69909cec22531a01219e391bfe1df73a5151c872292fed1
20200210.0,995324.4474786434,Main,CSI 300 Index,49a0a4d1fd8f9616a69909cec22531a01219e391bfe1df73a5151c872292fed1
20200211.0,1003374.6316053144,Main,CSI 300 Index,49a0a4d1fd8f9616a69909cec22531a01219e391bfe1df73a5151c872292fed1
20200212.0,997201.8709178492,Main,CSI 300 Index,49a0a4d1fd8f9616a69909cec22531a01219e391bfe1df73a5151c872292fed1
20200213.0,1004206.2168824708,Main,CSI 300 Index,49a0a4d1fd8f9616a69909cec22531a01219e391bfe1df73a5151c872292fed1
20200214.0,1026791.8187402873,Main,CSI 300 Index,49a0a4d1fd8f9616a69909cec22531a01219e391bfe1df73a5151c872292fed1
20200217.0,1021776.9675995403,Main,CSI 300 Index,49a0a4d1fd8f9616a69909cec22531a01219e391bfe1df73a5151c872292fed1
20200218.0,1020215.6921460712,Main,CSI 300 Index,49a0a4d1fd8f9616a69909cec22531a01219e391bfe1df73a5151c872292fed1
20200219.0,1043722.4825070335,Main,CSI 300 Index,49a0a4d1fd8f9616a69909cec22531a01219e391bfe1df73a5151c872292fed1
20200220.0,1044939.4621551669,Main,CSI 300 Index,49a0a4d1fd8f9616a69909cec22531a01219e391bfe1df73a5151c872292fed1
20200221.0,1040746.1204255803,Main,CSI 300 Index,49a0a4d1fd8f9616a69909cec22531a01219e391bfe1df73a5151c872292fed1
20200224.0,1038483.5388567346,Main,CSI 300 Index,49a0a4d1fd8f9616a69909cec22531a01219e391bfe1df73a5151c872292fed1
20200225.0,1025681.1131021957,Main,CSI 300 Index,49a0a4d1fd8f9616a69909cec22531a01219e391bfe1df73a5151c872292fed1
20200226.0,1028667.8964584903,Main,CSI 300 Index,49a0a4d1fd8f9616a69909cec22531a01219e391bfe1df73a5151c872292fed1
20200227.0,992197.5052501714,Main,CSI 300 Index,49a0a4d1fd8f9616a69909cec22531a01219e391bfe1df73a5151c872292fed1
20200228.0,1024837.8261465671,Main,CSI 300 Index,49a0a4d1fd8f9616a69909cec22531a01219e391bfe1df73a5151c872292fed1
20200302.0,1030301.2367112938,Main,CSI 300 Index,49a0a4d1fd8f9616a69909cec22531a01219e391bfe1df73a5151c872292fed1
20200303.0,1036266.6814833328,Main,CSI 300 Index,49a0a4d1fd8f9616a69909cec22531a01219e391bfe1df73a5151c872292fed1
20200304.0,1059351.5938547314,Main,CSI 300 Index,49a0a4d1fd8f9616a69909cec22531a01219e391bfe1df73a5151c872292fed1
20200305.0,1042173.148330809,Main,CSI 300 Index,49a0a4d1fd8f9616a69909cec22531a01219e391bfe1df73a5151c872292fed1
20200306.0,1006571.4716631625,Main,CSI 300 Index,49a0a4d1fd8f9616a69909cec22531a01219e391bfe1df73a5151c872292fed1
20200309.0,1028127.1998607402,Main,CSI 300 Index,49a0a4d1fd8f9616a69909cec22531a01219e391bfe1df73a5151c872292fed1
20200310.0,1014452.0797841367,Main,CSI 300 Index,49a0a4d1fd8f9616a69909cec22531a01219e391bfe1df73a5151c872292fed1
20200311.0,994930.9784764271,Main,CSI 300 Index,49a0a4d1fd8f9616a69909cec22531a01219e391bfe1df73a5151c872292fed1
20200312.0,980930.3096977528,Main,CSI 300 Index,49a0a4d1fd8f9616a69909cec22531a01219e391bfe1df73a5151c872292fed1
20200313.0,938757.1728636152,Main,CSI 300 Index,49a0a4d1fd8f9616a69909cec22531a01219e391bfe1df73a5151c872292fed1
20200316.0,934184.4867592292,Main,CSI 300 Index,49a0a4d1fd8f9616a69909cec22531a01219e391bfe1df73a5151c872292fed1
20200317.0,915694.1731480093,Main,CSI 300 Index,49a0a4d1fd8f9616a69909cec22531a01219e391bfe1df73a5151c872292fed1
20200318.0,903817.6197219592,Main,CSI 300 Index,49a0a4d1fd8f9616a69909cec22531a01219e391bfe1df73a5151c872292fed1
20200319.0,919967.0329792084,Main,CSI 300 Index,49a0a4d1fd8f9616a69909cec22531a01219e391bfe1df73a5151c872292fed1
20200320.0,889013.8221662691,Main,CSI 300 Index,49a0a4d1fd8f9616a69909cec22531a01219e391bfe1df73a5151c872292fed1
20200323.0,912889.1773990459,Main,CSI 300 Index,49a0a4d1fd8f9616a69909cec22531a01219e391bfe1df73a5151c872292fed1
20200324.0,937417.596678967,Main,CSI 300 Index,49a0a4d1fd8f9616a69909cec22531a01219e391bfe1df73a5151c872292fed1
20200325.0,931255.0133944718,Main,CSI 300 Index,49a0a4d1fd8f9616a69909cec22531a01219e391bfe1df73a5151c872292fed1
20200326.0,934280.6609942681,Main,CSI 300 Index,49a0a4d1fd8f9616a69909cec22531a01219e391bfe1df73a5151c872292fed1
20200327.0,925227.4813060741,Main,CSI 300 Index,49a0a4d1fd8f9616a69909cec22531a01219e391bfe1df73a5151c872292fed1
20200330.0,928260.3769976499,Main,CSI 300 Index,49a0a4d1fd8f9616a69909cec22531a01219e391bfe1df73a5151c872292fed1
20200331.0,925470.0263802726,Main,CSI 300 Index,49a0a4d1fd8f9616a69909cec22531a01219e391bfe1df73a5151c872292fed1
20200401.0,940442.2803896891,Main,CSI 300 Index,49a0a4d1fd8f9616a69909cec22531a01219e391bfe1df73a5151c872292fed1
20200402.0,935075.1763225932,Main,CSI 300 Index,49a0a4d1fd8f9616a69909cec22531a01219e391bfe1df73a5151c872292fed1
20200403.0,956430.4232233139,Main,CSI 300 Index,49a0a4d1fd8f9616a69909cec22531a01219e391bfe1df73a5151c872292fed1
20200407.0,951979.195993671,Main,CSI 300 Index,49a0a4d1fd8f9616a69909cec22531a01219e391bfe1df73a5151c872292fed1
20200408.0,955118.823425597,Main,CSI 300 Index,49a0a4d1fd8f9616a69909cec22531a01219e391bfe1df73a5151c872292fed1
20200409.0,949167.4780493417,Main,CSI 300 Index,49a0a4d1fd8f9616a69909cec22531a01219e391bfe1df73a5151c872292fed1
20200410.0,945158.1945705692,Main,CSI 300 Index,49a0a4d1fd8f9616a69909cec22531a01219e391bfe1df73a5151c872292fed1
20200413.0,963400.6929520031,Main,CSI 300 Index,49a0a4d1fd8f9616a69909cec22531a01219e391bfe1df73a5151c872292fed1
20200414.0,956264.783962796,Main,CSI 300 Index,49a0a4d1fd8f9616a69909cec22531a01219e391bfe1df73a5151c872292fed1
20200415.0,957528.9659934492,Main,CSI 300 Index,49a0a4d1fd8f9616a69909cec22531a01219e391bfe1df73a5151c872292fed1
20200416.0,966873.4911756938,Main,CSI 300 Index,49a0a4d1fd8f9616a69909cec22531a01219e391bfe1df73a5151c872292fed1
20200417.0,970390.9769613286,Main,CSI 300 Index,49a0a4d1fd8f9616a69909cec22531a01219e391bfe1df73a5151c872292fed1
20200420.0,958955.8897164516,Main,CSI 300 Index,49a0a4d1fd8f9616a69909cec22531a01219e391bfe1df73a5151c872292fed1
20200421.0,966847.137752506,Main,CSI 300 Index,49a0a4d1fd8f9616a69909cec22531a01219e391bfe1df73a5151c872292fed1
20200422.0,964422.2850409169,Main,CSI 300 Index,49a0a4d1fd8f9616a69909cec22531a01219e391bfe1df73a5151c872292fed1
20200423.0,956166.8302871931,Main,CSI 300 Index,49a0a4d1fd8f9616a69909cec22531a01219e391bfe1df73a5151c872292fed1
20200424.0,962663.0277483572,Main,CSI 300 Index,49a0a4d1fd8f9616a69909cec22531a01219e391bfe1df73a5151c872292fed1
20200427.0,969305.4026400752,Main,CSI 300 Index,49a0a4d1fd8f9616a69909cec22531a01219e391bfe1df73a5151c872292fed1
20200428.0,973808.7955586116,Main,CSI 300 Index,49a0a4d1fd8f9616a69909cec22531a01219e391bfe1df73a5151c872292fed1
20200429.0,985278.3155379766,Main,CSI 300 Index,49a0a4d1fd8f9616a69909cec22531a01219e391bfe1df73a5151c872292fed1
20200430.0,991241.2199525856,Main,CSI 300 Index,49a0a4d1fd8f9616a69909cec22531a01219e391bfe1df73a5151c872292fed1
20200506.0,988380.4978022723,Main,CSI 300 Index,49a0a4d1fd8f9616a69909cec22531a01219e391bfe1df73a5151c872292fed1
20200507.0,998132.8481754258,Main,CSI 300 Index,49a0a4d1fd8f9616a69909cec22531a01219e391bfe1df73a5151c872292fed1
20200508.0,997266.4687816844,Main,CSI 300 Index,49a0a4d1fd8f9616a69909cec22531a01219e391bfe1df73a5151c872292fed1
20200511.0,997281.4277825754,Main,CSI 300 Index,49a0a4d1fd8f9616a69909cec22531a01219e391bfe1df73a5151c872292fed1
20200512.0,999299.9254528353,Main,CSI 300 Index,49a0a4d1fd8f9616a69909cec22531a01219e391bfe1df73a5151c872292fed1
20200513.0,988462.517701682,Main,CSI 300 Index,49a0a4d1fd8f9616a69909cec22531a01219e391bfe1df73a5151c872292fed1
20200514.0,985338.97614793,Main,CSI 300 Index,49a0a4d1fd8f9616a69909cec22531a01219e391bfe1df73a5151c872292fed1
20200515.0,987881.150763867,Main,CSI 300 Index,49a0a4d1fd8f9616a69909cec22531a01219e391bfe1df73a5151c872292fed1
20200518.0,996276.1647315242,Main,CSI 300 Index,49a0a4d1fd8f9616a69909cec22531a01219e391bfe1df73a5151c872292fed1
20200519.0,990980.9569815686,Main,CSI 300 Index,49a0a4d1fd8f9616a69909cec22531a01219e391bfe1df73a5151c872292fed1
20200520.0,985585.0656561122,Main,CSI 300 Index,49a0a4d1fd8f9616a69909cec22531a01219e391bfe1df73a5151c872292fed1
20200521.0,962988.5568145202,Main,CSI 300 Index,49a0a4d1fd8f9616a69909cec22531a01219e391bfe1df73a5151c872292fed1
20200522.0,964313.6290833345,Main,CSI 300 Index,49a0a4d1fd8f9616a69909cec22531a01219e391bfe1df73a5151c872292fed1
20200525.0,975253.7672244696,Main,CSI 300 Index,49a0a4d1fd8f9616a69909cec22531a01219e391bfe1df73a5151c872292fed1
20200526.0,968415.2878085431,Main,CSI 300 Index,49a0a4d1fd8f9616a69909cec22531a01219e391bfe1df73a5151c872292fed1
20200527.0,971189.7975387628,Main,CSI 300 Index,49a0a4d1fd8f9616a69909cec22531a01219e391bfe1df73a5151c872292fed1
20200528.0,973806.1828637181,Main,CSI 300 Index,49a0a4d1fd8f9616a69909cec22531a01219e391bfe1df73a5151c872292fed1
20200529.0,1000075.5785077005,Main,CSI 300 Index,49a0a4d1fd8f9616a69909cec22531a01219e391bfe1df73a5151c872292fed1
20200601.0,1003154.8111774828,Main,CSI 300 Index,49a0a4d1fd8f9616a69909cec22531a01219e391bfe1df73a5151c872292fed1
20200602.0,1003174.8742935376,Main,CSI 300 Index,49a0a4d1fd8f9616a69909cec22531a01219e391bfe1df73a5151c872292fed1
20200603.0,1002806.7091599719,Main,CSI 300 Index,49a0a4d1fd8f9616a69909cec22531a01219e391bfe1df73a5151c872292fed1
20200604.0,1007608.1476902461,Main,CSI 300 Index,49a0a4d1fd8f9616a69909cec22531a01219e391bfe1df73a5151c872292fed1
20200605.0,1012821.5121622226,Main,CSI 300 Index,49a0a4d1fd8f9616a69909cec22531a01219e391bfe1df73a5151c872292fed1
20200608.0,1019135.4414958844,Main,CSI 300 Index,49a0a4d1fd8f9616a69909cec22531a01219e391bfe1df73a5151c872292fed1
20200609.0,1017290.8063601862,Main,CSI 300 Index,49a0a4d1fd8f9616a69909cec22531a01219e391bfe1df73a5151c872292fed1
20200610.0,1006256.2529747448,Main,CSI 300 Index,49a0a4d1fd8f9616a69909cec22531a01219e391bfe1df73a5151c872292fed1
20200611.0,1008068.5205037178,Main,CSI 300 Index,49a0a4d1fd8f9616a69909cec22531a01219e391bfe1df73a5151c872292fed1
20200612.0,995957.5852506447,Main,CSI 300 Index,49a0a4d1fd8f9616a69909cec22531a01219e391bfe1df73a5151c872292fed1
20200615.0,1010961.6862608764,Main,CSI 300 Index,49a0a4d1fd8f9616a69909cec22531a01219e391bfe1df73a5151c872292fed1
20200616.0,1011722.9404977977,Main,CSI 300 Index,49a0a4d1fd8f9616a69909cec22531a01219e391bfe1df73a5151c872292fed1
20200617.0,1018469.1086620345,Main,CSI 300 Index,49a0a4d1fd8f9616a69909cec22531a01219e391bfe1df73a5151c872292fed1
20200618.0,1032149.1862458058,Main,CSI 300 Index,49a0a4d1fd8f9616a69909cec22531a01219e391bfe1df73a5151c872292fed1
20200619.0,1032989.3558738825,Main,CSI 300 Index,49a0a4d1fd8f9616a69909cec22531a01219e391bfe1df73a5151c872292fed1
20200622.0,1037962.1658236693,Main,CSI 300 Index,49a0a4d1fd8f9616a69909cec22531a01219e391bfe1df73a5151c872292fed1
20200623.0,1042292.544824782,Main,CSI 300 Index,49a0a4d1fd8f9616a69909cec22531a01219e391bfe1df73a5151c872292fed1
20200624.0,1034920.4090471345,Main,CSI 300 Index,49a0a4d1fd8f9616a69909cec22531a01219e391bfe1df73a5151c872292fed1
20200629.0,1048581.3584078953,Main,CSI 300 Index,49a0a4d1fd8f9616a69909cec22531a01219e391bfe1df73a5151c872292fed1
20200630.0,1069689.3011211373,Main,CSI 300 Index,49a0a4d1fd8f9616a69909cec22531a01219e391bfe1df73a5151c872292fed1
20200701.0,1091865.030261381,Main,CSI 300 Index,49a0a4d1fd8f9616a69909cec22531a01219e391bfe1df73a5151c872292fed1
20200702.0,1112955.494981798,Main,CSI 300 Index,49a0a4d1fd8f9616a69909cec22531a01219e391bfe1df73a5151c872292fed1
20200703.0,1176036.6996054344,Main,CSI 300 Index,49a0a4d1fd8f9616a69909cec22531a01219e391bfe1df73a5151c872292fed1
20200706.0,1183095.2723170938,Main,CSI 300 Index,49a0a4d1fd8f9616a69909cec22531a01219e391bfe1df73a5151c872292fed1
20200707.0,1202203.4433013257,Main,CSI 300 Index,49a0a4d1fd8f9616a69909cec22531a01219e391bfe1df73a5151c872292fed1
20200708.0,1219017.461636012,Main,CSI 300 Index,49a0a4d1fd8f9616a69909cec22531a01219e391bfe1df73a5151c872292fed1
20200709.0,1196948.3687018307,Main,CSI 300 Index,49a0a4d1fd8f9616a69909cec22531a01219e391bfe1df73a5151c872292fed1
20200710.0,1222087.8756466052,Main,CSI 300 Index,49a0a4d1fd8f9616a69909cec22531a01219e391bfe1df73a5151c872292fed1
20200713.0,1210435.2676134086,Main,CSI 300 Index,49a0a4d1fd8f9616a69909cec22531a01219e391bfe1df73a5151c872292fed1
20200714.0,1194766.1834582079,Main,CSI 300 Index,49a0a4d1fd8f9616a69909cec22531a01219e391bfe1df73a5151c872292fed1
20200715.0,1137296.7351224371,Main,CSI 300 Index,49a0a4d1fd8f9616a69909cec22531a01219e391bfe1df73a5151c872292fed1
20200716.0,1144460.5674917984,Main,CSI 300 Index,49a0a4d1fd8f9616a69909cec22531a01219e391bfe1df73a5151c872292fed1
20200717.0,1178608.981155178,Main,CSI 300 Index,49a0a4d1fd8f9616a69909cec22531a01219e391bfe1df73a5151c872292fed1
20200720.0,1181312.710355831,Main,CSI 300 Index,49a0a4d1fd8f9616a69909cec22531a01219e391bfe1df73a5151c872292fed1
20200721.0,1187206.2795657828,Main,CSI 300 Index,49a0a4d1fd8f9616a69909cec22531a01219e391bfe1df73a5151c872292fed1
20200722.0,1186700.5297970413,Main,CSI 300 Index,49a0a4d1fd8f9616a69909cec22531a01219e391bfe1df73a5151c872292fed1
20200723.0,1134612.6835432532,Main,CSI 300 Index,49a0a4d1fd8f9616a69909cec22531a01219e391bfe1df73a5151c872292fed1
20200724.0,1140368.5734994053,Main,CSI 300 Index,49a0a4d1fd8f9616a69909cec22531a01219e391bfe1df73a5151c872292fed1
20200727.0,1150393.5540063665,Main,CSI 300 Index,49a0a4d1fd8f9616a69909cec22531a01219e391bfe1df73a5151c872292fed1
20200728.0,1178282.5448693747,Main,CSI 300 Index,49a0a4d1fd8f9616a69909cec22531a01219e391bfe1df73a5151c872292fed1
20200729.0,1172526.6345651315,Main,CSI 300 Index,49a0a4d1fd8f9616a69909cec22531a01219e391bfe1df73a5151c872292fed1
20200730.0,1182320.749700428,Main,CSI 300 Index,49a0a4d1fd8f9616a69909cec22531a01219e391bfe1df73a5151c872292fed1
20200731.0,1201526.3676927951,Main,CSI 300 Index,49a0a4d1fd8f9616a69909cec22531a01219e391bfe1df73a5151c872292fed1
20200803.0,1202657.0042860904,Main,CSI 300 Index,49a0a4d1fd8f9616a69909cec22531a01219e391bfe1df73a5151c872292fed1
20200804.0,1202986.5324643322,Main,CSI 300 Index,49a0a4d1fd8f9616a69909cec22531a01219e391bfe1df73a5151c872292fed1
20200805.0,1199373.963915263,Main,CSI 300 Index,49a0a4d1fd8f9616a69909cec22531a01219e391bfe1df73a5151c872292fed1
20200806.0,1185564.3717492342,Main,CSI 300 Index,49a0a4d1fd8f9616a69909cec22531a01219e391bfe1df73a5151c872292fed1
20200807.0,1189831.2179055982,Main,CSI 300 Index,49a0a4d1fd8f9616a69909cec22531a01219e391bfe1df73a5151c872292fed1
20200810.0,1178981.146723448,Main,CSI 300 Index,49a0a4d1fd8f9616a69909cec22531a01219e391bfe1df73a5151c872292fed1
20200811.0,1170384.016184595,Main,CSI 300 Index,49a0a4d1fd8f9616a69909cec22531a01219e391bfe1df73a5151c872292fed1
20200812.0,1167379.6408861654,Main,CSI 300 Index,49a0a4d1fd8f9616a69909cec22531a01219e391bfe1df73a5151c872292fed1
20200813.0,1184733.9061257888,Main,CSI 300 Index,49a0a4d1fd8f9616a69909cec22531a01219e391bfe1df73a5151c872292fed1
20200814.0,1212584.6313861352,Main,CSI 300 Index,49a0a4d1fd8f9616a69909cec22531a01219e391bfe1df73a5151c872292fed1
20200817.0,1211962.5749810496,Main,CSI 300 Index,49a0a4d1fd8f9616a69909cec22531a01219e391bfe1df73a5151c872292fed1
20200818.0,1193812.2232352486,Main,CSI 300 Index,49a0a4d1fd8f9616a69909cec22531a01219e391bfe1df73a5151c872292fed1
20200819.0,1178318.9282736129,Main,CSI 300 Index,49a0a4d1fd8f9616a69909cec22531a01219e391bfe1df73a5151c872292fed1
20200820.0,1188313.42937496,Main,CSI 300 Index,49a0a4d1fd8f9616a69909cec22531a01219e391bfe1df73a5151c872292fed1
20200821.0,1197632.1835981237,Main,CSI 300 Index,49a0a4d1fd8f9616a69909cec22531a01219e391bfe1df73a5151c872292fed1
20200824.0,1199168.7452775831,Main,CSI 300 Index,49a0a4d1fd8f9616a69909cec22531a01219e391bfe1df73a5151c872292fed1
20200825.0,1185112.0896419934,Main,CSI 300 Index,49a0a4d1fd8f9616a69909cec22531a01219e391bfe1df73a5151c872292fed1
20200826.0,1191461.9200283946,Main,CSI 300 Index,49a0a4d1fd8f9616a69909cec22531a01219e391bfe1df73a5151c872292fed1
20200827.0,1219897.3507378574,Main,CSI 300 Index,49a0a4d1fd8f9616a69909cec22531a01219e391bfe1df73a5151c872292fed1
20200828.0,1212834.144765861,Main,CSI 300 Index,49a0a4d1fd8f9616a69909cec22531a01219e391bfe1df73a5151c872292fed1
20200831.0,1219357.9798182403,Main,CSI 300 Index,49a0a4d1fd8f9616a69909cec22531a01219e391bfe1df73a5151c872292fed1
20200901.0,1219803.0454749833,Main,CSI 300 Index,49a0a4d1fd8f9616a69909cec22531a01219e391bfe1df73a5151c872292fed1
20200902.0,1213056.3143808069,Main,CSI 300 Index,49a0a4d1fd8f9616a69909cec22531a01219e391bfe1df73a5151c872292fed1
20200903.0,1201252.063216314,Main,CSI 300 Index,49a0a4d1fd8f9616a69909cec22531a01219e391bfe1df73a5151c872292fed1
20200904.0,1175855.1925982786,Main,CSI 300 Index,49a0a4d1fd8f9616a69909cec22531a01219e391bfe1df73a5151c872292fed1
20200907.0,1182156.60063236,Main,CSI 300 Index,49a0a4d1fd8f9616a69909cec22531a01219e391bfe1df73a5151c872292fed1
20200908.0,1154505.957134103,Main,CSI 300 Index,49a0a4d1fd8f9616a69909cec22531a01219e391bfe1df73a5151c872292fed1
20200909.0,1153847.889694846,Main,CSI 300 Index,49a0a4d1fd8f9616a69909cec22531a01219e391bfe1df73a5151c872292fed1
20200910.0,1165257.1376110562,Main,CSI 300 Index,49a0a4d1fd8f9616a69909cec22531a01219e391bfe1df73a5151c872292fed1
20200911.0,1171241.8978085434,Main,CSI 300 Index,49a0a4d1fd8f9616a69909cec22531a01219e391bfe1df73a5151c872292fed1
20200914.0,1180668.0523085895,Main,CSI 300 Index,49a0a4d1fd8f9616a69909cec22531a01219e391bfe1df73a5151c872292fed1
20200915.0,1172829.5972930763,Main,CSI 300 Index,49a0a4d1fd8f9616a69909cec22531a01219e391bfe1df73a5151c872292fed1
20200916.0,1166624.1559435048,Main,CSI 300 Index,49a0a4d1fd8f9616a69909cec22531a01219e391bfe1df73a5151c872292fed1
20200917.0,1192908.1982451798,Main,CSI 300 Index,49a0a4d1fd8f9616a69909cec22531a01219e391bfe1df73a5151c872292fed1
20200918.0,1181409.7565065725,Main,CSI 300 Index,49a0a4d1fd8f9616a69909cec22531a01219e391bfe1df73a5151c872292fed1
20200921.0,1167391.1477316655,Main,CSI 300 Index,49a0a4d1fd8f9616a69909cec22531a01219e391bfe1df73a5151c872292fed1
20200922.0,1171563.4037518804,Main,CSI 300 Index,49a0a4d1fd8f9616a69909cec22531a01219e391bfe1df73a5151c872292fed1
20200923.0,1149085.7882977098,Main,CSI 300 Index,49a0a4d1fd8f9616a69909cec22531a01219e391bfe1df73a5151c872292fed1
20200924.0,1150836.9948680375,Main,CSI 300 Index,49a0a4d1fd8f9616a69909cec22531a01219e391bfe1df73a5151c872292fed1
20200925.0,1153830.3221704205,Main,CSI 300 Index,49a0a4d1fd8f9616a69909cec22531a01219e391bfe1df73a5151c872292fed1
20200928.0,1156320.2875525488,Main,CSI 300 Index,49a0a4d1fd8f9616a69909cec22531a01219e391bfe1df73a5151c872292fed1
20200929.0,1155211.3766160896,Main,CSI 300 Index,49a0a4d1fd8f9616a69909cec22531a01219e391bfe1df73a5151c872292fed1
20200930.0,1178819.27664158,Main,CSI 300 Index,49a0a4d1fd8f9616a69909cec22531a01219e391bfe1df73a5151c872292fed1
20201009.0,1214582.2960703147,Main,CSI 300 Index,49a0a4d1fd8f9616a69909cec22531a01219e391bfe1df73a5151c872292fed1
20201012.0,1218621.996486062,Main,CSI 300 Index,49a0a4d1fd8f9616a69909cec22531a01219e391bfe1df73a5151c872292fed1
20201013.0,1210538.8770409247,Main,CSI 300 Index,49a0a4d1fd8f9616a69909cec22531a01219e391bfe1df73a5151c872292fed1
20201014.0,1208432.5393067661,Main,CSI 300 Index,49a0a4d1fd8f9616a69909cec22531a01219e391bfe1df73a5151c872292fed1
20201015.0,1206654.9351578928,Main,CSI 300 Index,49a0a4d1fd8f9616a69909cec22531a01219e391bfe1df73a5151c872292fed1
20201016.0,1197542.2765751341,Main,CSI 300 Index,49a0a4d1fd8f9616a69909cec22531a01219e391bfe1df73a5151c872292fed1
20201019.0,1207105.849873414,Main,CSI 300 Index,49a0a4d1fd8f9616a69909cec22531a01219e391bfe1df73a5151c872292fed1
20201020.0,1206945.3044522742,Main,CSI 300 Index,49a0a4d1fd8f9616a69909cec22531a01219e391bfe1df73a5151c872292fed1
20201021.0,1203207.3947144265,Main,CSI 300 Index,49a0a4d1fd8f9616a69909cec22531a01219e391bfe1df73a5151c872292fed1
20201022.0,1188225.0565980372,Main,CSI 300 Index,49a0a4d1fd8f9616a69909cec22531a01219e391bfe1df73a5151c872292fed1
20201023.0,1181361.8682916434,Main,CSI 300 Index,49a0a4d1fd8f9616a69909cec22531a01219e391bfe1df73a5151c872292fed1
20201026.0,1183386.7220951112,Main,CSI 300 Index,49a0a4d1fd8f9616a69909cec22531a01219e391bfe1df73a5151c872292fed1
20201027.0,1192954.4046903823,Main,CSI 300 Index,49a0a4d1fd8f9616a69909cec22531a01219e391bfe1df73a5151c872292fed1
20201028.0,1201931.3862715028,Main,CSI 300 Index,49a0a4d1fd8f9616a69909cec22531a01219e391bfe1df73a5151c872292fed1
20201029.0,1182393.9916368308,Main,CSI 300 Index,49a0a4d1fd8f9616a69909cec22531a01219e391bfe1df73a5151c872292fed1
20201030.0,1188814.391237873,Main,CSI 300 Index,49a0a4d1fd8f9616a69909cec22531a01219e391bfe1df73a5151c872292fed1
20201102.0,1203100.372912038,Main,CSI 300 Index,49a0a4d1fd8f9616a69909cec22531a01219e391bfe1df73a5151c872292fed1
20201103.0,1212189.7970270081,Main,CSI 300 Index,49a0a4d1fd8f9616a69909cec22531a01219e391bfe1df73a5151c872292fed1
20201104.0,1230183.5417246963,Main,CSI 300 Index,49a0a4d1fd8f9616a69909cec22531a01219e391bfe1df73a5151c872292fed1
20201105.0,1230336.0852590224,Main,CSI 300 Index,49a0a4d1fd8f9616a69909cec22531a01219e391bfe1df73a5151c872292fed1
20201106.0,1254418.6828488768,Main,CSI 300 Index,49a0a4d1fd8f9616a69909cec22531a01219e391bfe1df73a5151c872292fed1
20201109.0,1247500.563853234,Main,CSI 300 Index,49a0a4d1fd8f9616a69909cec22531a01219e391bfe1df73a5151c872292fed1
20201110.0,1235166.5257200182,Main,CSI 300 Index,49a0a4d1fd8f9616a69909cec22531a01219e391bfe1df73a5151c872292fed1
20201111.0,1236064.4920659706,Main,CSI 300 Index,49a0a4d1fd8f9616a69909cec22531a01219e391bfe1df73a5151c872292fed1
20201112.0,1223067.2740356163,Main,CSI 300 Index,49a0a4d1fd8f9616a69909cec22531a01219e391bfe1df73a5151c872292fed1
20201113.0,1234983.618764197,Main,CSI 300 Index,49a0a4d1fd8f9616a69909cec22531a01219e391bfe1df73a5151c872292fed1
20201116.0,1232619.8603821225,Main,CSI 300 Index,49a0a4d1fd8f9616a69909cec22531a01219e391bfe1df73a5151c872292fed1
20201117.0,1231835.9135470777,Main,CSI 300 Index,49a0a4d1fd8f9616a69909cec22531a01219e391bfe1df73a5151c872292fed1
20201118.0,1240981.0639616575,Main,CSI 300 Index,49a0a4d1fd8f9616a69909cec22531a01219e391bfe1df73a5151c872292fed1
20201119.0,1244834.309731905,Main,CSI 300 Index,49a0a4d1fd8f9616a69909cec22531a01219e391bfe1df73a5151c872292fed1
20201120.0,1260381.045902523,Main,CSI 300 Index,49a0a4d1fd8f9616a69909cec22531a01219e391bfe1df73a5151c872292fed1
20201123.0,1252639.7845614115,Main,CSI 300 Index,49a0a4d1fd8f9616a69909cec22531a01219e391bfe1df73a5151c872292fed1
20201124.0,1236627.2907602414,Main,CSI 300 Index,49a0a4d1fd8f9616a69909cec22531a01219e391bfe1df73a5151c872292fed1
20201125.0,1238866.8230289272,Main,CSI 300 Index,49a0a4d1fd8f9616a69909cec22531a01219e391bfe1df73a5151c872292fed1
20201126.0,1254272.1318273707,Main,CSI 300 Index,49a0a4d1fd8f9616a69909cec22531a01219e391bfe1df73a5151c872292fed1
20201127.0,1249107.0385213976,Main,CSI 300 Index,49a0a4d1fd8f9616a69909cec22531a01219e391bfe1df73a5151c872292fed1
20201130.0,1276012.804536869,Main,CSI 300 Index,49a0a4d1fd8f9616a69909cec22531a01219e391bfe1df73a5151c872292fed1
20201201.0,1276024.288999469,Main,CSI 300 Index,49a0a4d1fd8f9616a69909cec22531a01219e391bfe1df73a5151c872292fed1
20201202.0,1273485.000861991,Main,CSI 300 Index,49a0a4d1fd8f9616a69909cec22531a01219e391bfe1df73a5151c872292fed1
20201203.0,1275714.8728744413,Main,CSI 300 Index,49a0a4d1fd8f9616a69909cec22531a01219e391bfe1df73a5151c872292fed1
20201204.0,1264714.3835160774,Main,CSI 300 Index,49a0a4d1fd8f9616a69909cec22531a01219e391bfe1df73a5151c872292fed1
20201207.0,1261603.1858265519,Main,CSI 300 Index,49a0a4d1fd8f9616a69909cec22531a01219e391bfe1df73a5151c872292fed1
20201208.0,1244685.0870060415,Main,CSI 300 Index,49a0a4d1fd8f9616a69909cec22531a01219e391bfe1df73a5151c872292fed1
20201209.0,1244137.425256718,Main,CSI 300 Index,49a0a4d1fd8f9616a69909cec22531a01219e391bfe1df73a5151c872292fed1
20201210.0,1231320.32242409,Main,CSI 300 Index,49a0a4d1fd8f9616a69909cec22531a01219e391bfe1df73a5151c872292fed1
20201211.0,1242703.878840515,Main,CSI 300 Index,49a0a4d1fd8f9616a69909cec22531a01219e391bfe1df73a5151c872292fed1
20201214.0,1245288.70193619,Main,CSI 300 Index,49a0a4d1fd8f9616a69909cec22531a01219e391bfe1df73a5151c872292fed1
20201215.0,1247496.5990276888,Main,CSI 300 Index,49a0a4d1fd8f9616a69909cec22531a01219e391bfe1df73a5151c872292fed1
20201216.0,1263515.7029062433,Main,CSI 300 Index,49a0a4d1fd8f9616a69909cec22531a01219e391bfe1df73a5151c872292fed1
20201217.0,1259106.0334986574,Main,CSI 300 Index,49a0a4d1fd8f9616a69909cec22531a01219e391bfe1df73a5151c872292fed1
20201218.0,1270908.892853721,Main,CSI 300 Index,49a0a4d1fd8f9616a69909cec22531a01219e391bfe1df73a5151c872292fed1
20201221.0,1250242.6441185318,Main,CSI 300 Index,49a0a4d1fd8f9616a69909cec22531a01219e391bfe1df73a5151c872292fed1
20201222.0,1260907.2139632492,Main,CSI 300 Index,49a0a4d1fd8f9616a69909cec22531a01219e391bfe1df73a5151c872292fed1
20201223.0,1259116.7254031103,Main,CSI 300 Index,49a0a4d1fd8f9616a69909cec22531a01219e391bfe1df73a5151c872292fed1
20201224.0,1269693.3060324218,Main,CSI 300 Index,49a0a4d1fd8f9616a69909cec22531a01219e391bfe1df73a5151c872292fed1
20201225.0,1275334.552808675,Main,CSI 300 Index,49a0a4d1fd8f9616a69909cec22531a01219e391bfe1df73a5151c872292fed1
20201228.0,1269925.8592782405,Main,CSI 300 Index,49a0a4d1fd8f9616a69909cec22531a01219e391bfe1df73a5151c872292fed1
20201229.0,1287747.9983498878,Main,CSI 300 Index,49a0a4d1fd8f9616a69909cec22531a01219e391bfe1df73a5151c872292fed1
20201230.0,1312320.8058713337,Main,CSI 300 Index,49a0a4d1fd8f9616a69909cec22531a01219e391bfe1df73a5151c872292fed1
20201231.0,1326530.6154839818,Main,CSI 300 Index,49a0a4d1fd8f9616a69909cec22531a01219e391bfe1df73a5151c872292fed1
20210104.0,1351911.1262367968,Main,CSI 300 Index,49a0a4d1fd8f9616a69909cec22531a01219e391bfe1df73a5151c872292fed1
20210105.0,1364291.9283529106,Main,CSI 300 Index,49a0a4d1fd8f9616a69909cec22531a01219e391bfe1df73a5151c872292fed1
20210106.0,1388464.4522964407,Main,CSI 300 Index,49a0a4d1fd8f9616a69909cec22531a01219e391bfe1df73a5151c872292fed1
20210107.0,1383874.1895109878,Main,CSI 300 Index,49a0a4d1fd8f9616a69909cec22531a01219e391bfe1df73a5151c872292fed1
20210108.0,1370207.0472087099,Main,CSI 300 Index,49a0a4d1fd8f9616a69909cec22531a01219e391bfe1df73a5151c872292fed1
20210111.0,1409288.0924986536,Main,CSI 300 Index,49a0a4d1fd8f9616a69909cec22531a01219e391bfe1df73a5151c872292fed1
20210112.0,1404658.58129774,Main,CSI 300 Index,49a0a4d1fd8f9616a69909cec22531a01219e391bfe1df73a5151c872292fed1
20210113.0,1377583.7877593662,Main,CSI 300 Index,49a0a4d1fd8f9616a69909cec22531a01219e391bfe1df73a5151c872292fed1
20210114.0,1374467.6933017247,Main,CSI 300 Index,49a0a4d1fd8f9616a69909cec22531a01219e391bfe1df73a5151c872292fed1
20210115.0,1389687.1741758739,Main,CSI 300 Index,49a0a4d1fd8f9616a69909cec22531a01219e391bfe1df73a5151c872292fed1
20210118.0,1369290.7350238485,Main,CSI 300 Index,49a0a4d1fd8f9616a69909cec22531a01219e391bfe1df73a5151c872292fed1
20210119.0,1379089.3796442172,Main,CSI 300 Index,49a0a4d1fd8f9616a69909cec22531a01219e391bfe1df73a5151c872292fed1
20210120.0,1401385.1177559749,Main,CSI 300 Index,49a0a4d1fd8f9616a69909cec22531a01219e391bfe1df73a5151c872292fed1
20210121.0,1402595.9146366366,Main,CSI 300 Index,49a0a4d1fd8f9616a69909cec22531a01219e391bfe1df73a5151c872292fed1
20210122.0,1416735.4836563151,Main,CSI 300 Index,49a0a4d1fd8f9616a69909cec22531a01219e391bfe1df73a5151c872292fed1
20210125.0,1388290.2685672608,Main,CSI 300 Index,49a0a4d1fd8f9616a69909cec22531a01219e391bfe1df73a5151c872292fed1
20210126.0,1392076.1357035479,Main,CSI 300 Index,49a0a4d1fd8f9616a69909cec22531a01219e391bfe1df73a5151c872292fed1
20210127.0,1354086.3788857919,Main,CSI 300 Index,49a0a4d1fd8f9616a69909cec22531a01219e391bfe1df73a5151c872292fed1
20210128.0,1347746.5455165335,Main,CSI 300 Index,49a0a4d1fd8f9616a69909cec22531a01219e391bfe1df73a5151c872292fed1
20210129.0,1364287.4395640204,Main,CSI 300 Index,49a0a4d1fd8f9616a69909cec22531a01219e391bfe1df73a5151c872292fed1
20210201.0,1385300.1949246402,Main,CSI 300 Index,49a0a4d1fd8f9616a69909cec22531a01219e391bfe1df73a5151c872292fed1
20210202.0,1381298.0621720317,Main,CSI 300 Index,49a0a4d1fd8f9616a69909cec22531a01219e391bfe1df73a5151c872292fed1
20210203.0,1378463.638199839,Main,CSI 300 Index,49a0a4d1fd8f9616a69909cec22531a01219e391bfe1df73a5151c872292fed1
20210204.0,1380847.0019676595,Main,CSI 300 Index,49a0a4d1fd8f9616a69909cec22531a01219e391bfe1df73a5151c872292fed1
20210205.0,1401282.157432564,Main,CSI 300 Index,49a0a4d1fd8f9616a69909cec22531a01219e391bfe1df73a5151c872292fed1
20210208.0,1431925.3957019253,Main,CSI 300 Index,49a0a4d1fd8f9616a69909cec22531a01219e391bfe1df73a5151c872292fed1
20210209.0,1462514.1855317964,Main,CSI 300 Index,49a0a4d1fd8f9616a69909cec22531a01219e391bfe1df73a5151c872292fed1
20210210.0,1452608.5771010988,Main,CSI 300 Index,49a0a4d1fd8f9616a69909cec22531a01219e391bfe1df73a5151c872292fed1
20210218.0,1455243.60911149,Main,CSI 300 Index,49a0a4d1fd8f9616a69909cec22531a01219e391bfe1df73a5151c872292fed1
20210219.0,1409535.862046975,Main,CSI 300 Index,49a0a4d1fd8f9616a69909cec22531a01219e391bfe1df73a5151c872292fed1
20210222.0,1405087.3674642222,Main,CSI 300 Index,49a0a4d1fd8f9616a69909cec22531a01219e391bfe1df73a5151c872292fed1
20210223.0,1369304.007066249,Main,CSI 300 Index,49a0a4d1fd8f9616a69909cec22531a01219e391bfe1df73a5151c872292fed1
20210224.0,1377359.6230140913,Main,CSI 300 Index,49a0a4d1fd8f9616a69909cec22531a01219e391bfe1df73a5151c872292fed1
20210225.0,1343918.7084076053,Main,CSI 300 Index,49a0a4d1fd8f9616a69909cec22531a01219e391bfe1df73a5151c872292fed1
20210226.0,1364573.3953574486,Main,CSI 300 Index,49a0a4d1fd8f9616a69909cec22531a01219e391bfe1df73a5151c872292fed1
20210301.0,1347158.7095136056,Main,CSI 300 Index,49a0a4d1fd8f9616a69909cec22531a01219e391bfe1df73a5151c872292fed1
20210302.0,1372991.8248909048,Main,CSI 300 Index,49a0a4d1fd8f9616a69909cec22531a01219e391bfe1df73a5151c872292fed1
20210303.0,1329802.994472493,Main,CSI 300 Index,49a0a4d1fd8f9616a69909cec22531a01219e391bfe1df73a5151c872292fed1
20210304.0,1325292.301879766,Main,CSI 300 Index,49a0a4d1fd8f9616a69909cec22531a01219e391bfe1df73a5151c872292fed1
20210305.0,1279266.2262263345,Main,CSI 300 Index,49a0a4d1fd8f9616a69909cec22531a01219e391bfe1df73a5151c872292fed1
20210308.0,1251810.614093963,Main,CSI 300 Index,49a0a4d1fd8f9616a69909cec22531a01219e391bfe1df73a5151c872292fed1
20210309.0,1260023.7435973752,Main,CSI 300 Index,49a0a4d1fd8f9616a69909cec22531a01219e391bfe1df73a5151c872292fed1
20210310.0,1291402.1146487084,Main,CSI 300 Index,49a0a4d1fd8f9616a69909cec22531a01219e391bfe1df73a5151c872292fed1
20210311.0,1295976.260728629,Main,CSI 300 Index,49a0a4d1fd8f9616a69909cec22531a01219e391bfe1df73a5151c872292fed1
20210312.0,1268064.8208341475,Main,CSI 300 Index,49a0a4d1fd8f9616a69909cec22531a01219e391bfe1df73a5151c872292fed1
20210315.0,1279099.5204206235,Main,CSI 300 Index,49a0a4d1fd8f9616a69909cec22531a01219e391bfe1df73a5151c872292fed1
20210316.0,1284512.6691655975,Main,CSI 300 Index,49a0a4d1fd8f9616a69909cec22531a01219e391bfe1df73a5151c872292fed1
20210317.0,1294814.46103386,Main,CSI 300 Index,49a0a4d1fd8f9616a69909cec22531a01219e391bfe1df73a5151c872292fed1
20210318.0,1260899.3860526145,Main,CSI 300 Index,49a0a4d1fd8f9616a69909cec22531a01219e391bfe1df73a5151c872292fed1
20210319.0,1273505.857655338,Main,CSI 300 Index,49a0a4d1fd8f9616a69909cec22531a01219e391bfe1df73a5151c872292fed1
20210322.0,1261441.937378866,Main,CSI 300 Index,49a0a4d1fd8f9616a69909cec22531a01219e391bfe1df73a5151c872292fed1
20210323.0,1241155.427771443,Main,CSI 300 Index,49a0a4d1fd8f9616a69909cec22531a01219e391bfe1df73a5151c872292fed1
20210324.0,1240567.1207102065,Main,CSI 300 Index,49a0a4d1fd8f9616a69909cec22531a01219e391bfe1df73a5151c872292fed1
20210325.0,1268680.8521694671,Main,CSI 300 Index,49a0a4d1fd8f9616a69909cec22531a01219e391bfe1df73a5151c872292fed1
20210326.0,1270918.805426286,Main,CSI 300 Index,49a0a4d1fd8f9616a69909cec22531a01219e391bfe1df73a5151c872292fed1
20210329.0,1282969.6571412683,Main,CSI 300 Index,49a0a4d1fd8f9616a69909cec22531a01219e391bfe1df73a5151c872292fed1
20210330.0,1271293.3507038068,Main,CSI 300 Index,49a0a4d1fd8f9616a69909cec22531a01219e391bfe1df73a5151c872292fed1
20210331.0,1287011.621282147,Main,CSI 300 Index,49a0a4d1fd8f9616a69909cec22531a01219e391bfe1df73a5151c872292fed1
20210401.0,1299799.3689411927,Main,CSI 300 Index,49a0a4d1fd8f9616a69909cec22531a01219e391bfe1df73a5151c872292fed1
20210402.0,1294457.193320467,Main,CSI 300 Index,49a0a4d1fd8f9616a69909cec22531a01219e391bfe1df73a5151c872292fed1
20210406.0,1285240.658750199,Main,CSI 300 Index,49a0a4d1fd8f9616a69909cec22531a01219e391bfe1df73a5151c872292fed1
20210407.0,1287372.8731517715,Main,CSI 300 Index,49a0a4d1fd8f9616a69909cec22531a01219e391bfe1df73a5151c872292fed1
20210408.0,1268014.6465111866,Main,CSI 300 Index,49a0a4d1fd8f9616a69909cec22531a01219e391bfe1df73a5151c872292fed1
20210409.0,1245957.5324982186,Main,CSI 300 Index,49a0a4d1fd8f9616a69909cec22531a01219e391bfe1df73a5151c872292fed1
20210412.0,1243916.6535556286,Main,CSI 300 Index,49a0a4d1fd8f9616a69909cec22531a01219e391bfe1df73a5151c872292fed1
20210413.0,1254237.4301928596,Main,CSI 300 Index,49a0a4d1fd8f9616a69909cec22531a01219e391bfe1df73a5151c872292fed1
20210414.0,1246266.751246763,Main,CSI 300 Index,49a0a4d1fd8f9616a69909cec22531a01219e391bfe1df73a5151c872292fed1
20210415.0,1250600.0206942123,Main,CSI 300 Index,49a0a4d1fd8f9616a69909cec22531a01219e391bfe1df73a5151c872292fed1
20210416.0,1281029.6202858088,Main,CSI 300 Index,49a0a4d1fd8f9616a69909cec22531a01219e391bfe1df73a5151c872292fed1
20210419.0,1280109.8407862294,Main,CSI 300 Index,49a0a4d1fd8f9616a69909cec22531a01219e391bfe1df73a5151c872292fed1
20210420.0,1283983.4539782335,Main,CSI 300 Index,49a0a4d1fd8f9616a69909cec22531a01219e391bfe1df73a5151c872292fed1
20210421.0,1281591.3924188851,Main,CSI 300 Index,49a0a4d1fd8f9616a69909cec22531a01219e391bfe1df73a5151c872292fed1
20210422.0,1293228.2418729523,Main,CSI 300 Index,49a0a4d1fd8f9616a69909cec22531a01219e391bfe1df73a5151c872292fed1
20210423.0,1278568.2063276656,Main,CSI 300 Index,49a0a4d1fd8f9616a69909cec22531a01219e391bfe1df73a5151c872292fed1
20210426.0,1281912.9410932134,Main,CSI 300 Index,49a0a4d1fd8f9616a69909cec22531a01219e391bfe1df73a5151c872292fed1
20210427.0,1289145.4940531417,Main,CSI 300 Index,49a0a4d1fd8f9616a69909cec22531a01219e391bfe1df73a5151c872292fed1
20210428.0,1300459.0347230032,Main,CSI 300 Index,49a0a4d1fd8f9616a69909cec22531a01219e391bfe1df73a5151c872292fed1
20210429.0,1290215.3193588688,Main,CSI 300 Index,49a0a4d1fd8f9616a69909cec22531a01219e391bfe1df73a5151c872292fed1
20210430.0,1274510.818333756,Main,CSI 300 Index,49a0a4d1fd8f9616a69909cec22531a01219e391bfe1df73a5151c872292fed1
20210506.0,1258124.4324287884,Main,CSI 300 Index,49a0a4d1fd8f9616a69909cec22531a01219e391bfe1df73a5151c872292fed1
20210507.0,1257209.77657854,Main,CSI 300 Index,49a0a4d1fd8f9616a69909cec22531a01219e391bfe1df73a5151c872292fed1
20210510.0,1264925.2721493337,Main,CSI 300 Index,49a0a4d1fd8f9616a69909cec22531a01219e391bfe1df73a5151c872292fed1
20210511.0,1270336.6231404617,Main,CSI 300 Index,49a0a4d1fd8f9616a69909cec22531a01219e391bfe1df73a5151c872292fed1
20210512.0,1257348.701135513,Main,CSI 300 Index,49a0a4d1fd8f9616a69909cec22531a01219e391bfe1df73a5151c872292fed1
20210513.0,1286966.8076637785,Main,CSI 300 Index,49a0a4d1fd8f9616a69909cec22531a01219e391bfe1df73a5151c872292fed1
20210514.0,1305701.1831976455,Main,CSI 300 Index,49a0a4d1fd8f9616a69909cec22531a01219e391bfe1df73a5151c872292fed1
20210517.0,1306360.5620713723,Main,CSI 300 Index,49a0a4d1fd8f9616a69909cec22531a01219e391bfe1df73a5151c872292fed1
20210518.0,1302500.2667049733,Main,CSI 300 Index,49a0a4d1fd8f9616a69909cec22531a01219e391bfe1df73a5151c872292fed1
20210519.0,1306061.3026960022,Main,CSI 300 Index,49a0a4d1fd8f9616a69909cec22531a01219e391bfe1df73a5151c872292fed1
20210520.0,1292900.1228000175,Main,CSI 300 Index,49a0a4d1fd8f9616a69909cec22531a01219e391bfe1df73a5151c872292fed1
20210521.0,1298299.2740931443,Main,CSI 300 Index,49a0a4d1fd8f9616a69909cec22531a01219e391bfe1df73a5151c872292fed1
20210524.0,1339319.038699651,Main,CSI 300 Index,49a0a4d1fd8f9616a69909cec22531a01219e391bfe1df73a5151c872292fed1
20210525.0,1339852.088484777,Main,CSI 300 Index,49a0a4d1fd8f9616a69909cec22531a01219e391bfe1df73a5151c872292fed1
20210526.0,1344293.698290916,Main,CSI 300 Index,49a0a4d1fd8f9616a69909cec22531a01219e391bfe1df73a5151c872292fed1
20210527.0,1339975.8262439796,Main,CSI 300 Index,49a0a4d1fd8f9616a69909cec22531a01219e391bfe1df73a5151c872292fed1
20210528.0,1342615.579011499,Main,CSI 300 Index,49a0a4d1fd8f9616a69909cec22531a01219e391bfe1df73a5151c872292fed1
20210531.0,1345161.1781094223,Main,CSI 300 Index,49a0a4d1fd8f9616a69909cec22531a01219e391bfe1df73a5151c872292fed1
20210601.0,1332140.01749771,Main,CSI 300 Index,49a0a4d1fd8f9616a69909cec22531a01219e391bfe1df73a5151c872292fed1
20210602.0,1323405.1761655163,Main,CSI 300 Index,49a0a4d1fd8f9616a69909cec22531a01219e391bfe1df73a5151c872292fed1
20210603.0,1330202.1843405133,Main,CSI 300 Index,49a0a4d1fd8f9616a69909cec22531a01219e391bfe1df73a5151c872292fed1
20210604.0,1329031.6064792566,Main,CSI 300 Index,49a0a4d1fd8f9616a69909cec22531a01219e391bfe1df73a5151c872292fed1
20210607.0,1317571.367264229,Main,CSI 300 Index,49a0a4d1fd8f9616a69909cec22531a01219e391bfe1df73a5151c872292fed1
20210608.0,1318662.315923296,Main,CSI 300 Index,49a0a4d1fd8f9616a69909cec22531a01219e391bfe1df73a5151c872292fed1
20210609.0,1327480.2110414067,Main,CSI 300 Index,49a0a4d1fd8f9616a69909cec22531a01219e391bfe1df73a5151c872292fed1
20210610.0,1315704.1338438096,Main,CSI 300 Index,49a0a4d1fd8f9616a69909cec22531a01219e391bfe1df73a5151c872292fed1
20210611.0,1301062.9782748225,Main,CSI 300 Index,49a0a4d1fd8f9616a69909cec22531a01219e391bfe1df73a5151c872292fed1
20210615.0,1279388.5701412987,Main,CSI 300 Index,49a0a4d1fd8f9616a69909cec22531a01219e391bfe1df73a5151c872292fed1
20210616.0,1284777.35509943,Main,CSI 300 Index,49a0a4d1fd8f9616a69909cec22531a01219e391bfe1df73a5151c872292fed1
20210617.0,1284922.534659598,Main,CSI 300 Index,49a0a4d1fd8f9616a69909cec22531a01219e391bfe1df73a5151c872292fed1
20210618.0,1281879.8388186605,Main,CSI 300 Index,49a0a4d1fd8f9616a69909cec22531a01219e391bfe1df73a5151c872292fed1
20210621.0,1289881.3318964692,Main,CSI 300 Index,49a0a4d1fd8f9616a69909cec22531a01219e391bfe1df73a5151c872292fed1
20210622.0,1296236.5779273086,Main,CSI 300 Index,49a0a4d1fd8f9616a69909cec22531a01219e391bfe1df73a5151c872292fed1
20210623.0,1298397.403779735,Main,CSI 300 Index,49a0a4d1fd8f9616a69909cec22531a01219e391bfe1df73a5151c872292fed1
20210624.0,1319549.596469223,Main,CSI 300 Index,49a0a4d1fd8f9616a69909cec22531a01219e391bfe1df73a5151c872292fed1
20210625.0,1322518.582367663,Main,CSI 300 Index,49a0a4d1fd8f9616a69909cec22531a01219e391bfe1df73a5151c872292fed1
20210628.0,1307103.306056809,Main,CSI 300 Index,49a0a4d1fd8f9616a69909cec22531a01219e391bfe1df73a5151c872292fed1
20210629.0,1315538.0435678535,Main,CSI 300 Index,49a0a4d1fd8f9616a69909cec22531a01219e391bfe1df73a5151c872292fed1
20210630.0,1316953.5625927725,Main,CSI 300 Index,49a0a4d1fd8f9616a69909cec22531a01219e391bfe1df73a5151c872292fed1
20210701.0,1279545.4966544418,Main,CSI 300 Index,49a0a4d1fd8f9616a69909cec22531a01219e391bfe1df73a5151c872292fed1
20210702.0,1280722.6784886555,Main,CSI 300 Index,49a0a4d1fd8f9616a69909cec22531a01219e391bfe1df73a5151c872292fed1
20210705.0,1280045.176587617,Main,CSI 300 Index,49a0a4d1fd8f9616a69909cec22531a01219e391bfe1df73a5151c872292fed1
20210706.0,1294496.8863417176,Main,CSI 300 Index,49a0a4d1fd8f9616a69909cec22531a01219e391bfe1df73a5151c872292fed1
20210707.0,1281343.5038342308,Main,CSI 300 Index,49a0a4d1fd8f9616a69909cec22531a01219e391bfe1df73a5151c872292fed1
20210708.0,1276603.8138245994,Main,CSI 300 Index,49a0a4d1fd8f9616a69909cec22531a01219e391bfe1df73a5151c872292fed1
20210709.0,1292537.1057334924,Main,CSI 300 Index,49a0a4d1fd8f9616a69909cec22531a01219e391bfe1df73a5151c872292fed1
20210712.0,1294901.156110674,Main,CSI 300 Index,49a0a4d1fd8f9616a69909cec22531a01219e391bfe1df73a5151c872292fed1
20210713.0,1280039.57577555,Main,CSI 300 Index,49a0a4d1fd8f9616a69909cec22531a01219e391bfe1df73a5151c872292fed1
20210714.0,1297258.6686461943,Main,CSI 300 Index,49a0a4d1fd8f9616a69909cec22531a01219e391bfe1df73a5151c872292fed1
20210715.0,1282982.337054219,Main,CSI 300 Index,49a0a4d1fd8f9616a69909cec22531a01219e391bfe1df73a5151c872292fed1
20210716.0,1287697.2970113682,Main,CSI 300 Index,49a0a4d1fd8f9616a69909cec22531a01219e391bfe1df73a5151c872292fed1
20210719.0,1286564.1230111166,Main,CSI 300 Index,49a0a4d1fd8f9616a69909cec22531a01219e391bfe1df73a5151c872292fed1
20210720.0,1295389.9528673403,Main,CSI 300 Index,49a0a4d1fd8f9616a69909cec22531a01219e391bfe1df73a5151c872292fed1
20210721.0,1297331.7427108458,Main,CSI 300 Index,49a0a4d1fd8f9616a69909cec22531a01219e391bfe1df73a5151c872292fed1
20210722.0,1281587.3248354804,Main,CSI 300 Index,49a0a4d1fd8f9616a69909cec22531a01219e391bfe1df73a5151c872292fed1
20210723.0,1240306.114728644,Main,CSI 300 Index,49a0a4d1fd8f9616a69909cec22531a01219e391bfe1df73a5151c872292fed1
20210726.0,1196492.301849651,Main,CSI 300 Index,49a0a4d1fd8f9616a69909cec22531a01219e391bfe1df73a5151c872292fed1
20210727.0,1198801.531417275,Main,CSI 300 Index,49a0a4d1fd8f9616a69909cec22531a01219e391bfe1df73a5151c872292fed1
20210728.0,1221413.3262535813,Main,CSI 300 Index,49a0a4d1fd8f9616a69909cec22531a01219e391bfe1df73a5151c872292fed1
20210729.0,1211566.2918378387,Main,CSI 300 Index,49a0a4d1fd8f9616a69909cec22531a01219e391bfe1df73a5151c872292fed1
20210730.0,1242430.9437905625,Main,CSI 300 Index,49a0a4d1fd8f9616a69909cec22531a01219e391bfe1df73a5151c872292fed1
20210802.0,1242612.3378658127,Main,CSI 300 Index,49a0a4d1fd8f9616a69909cec22531a01219e391bfe1df73a5151c872292fed1
20210803.0,1253790.8791254684,Main,CSI 300 Index,49a0a4d1fd8f9616a69909cec22531a01219e391bfe1df73a5151c872292fed1
20210804.0,1246191.65254705,Main,CSI 300 Index,49a0a4d1fd8f9616a69909cec22531a01219e391bfe1df73a5151c872292fed1
20210805.0,1239366.260819819,Main,CSI 300 Index,49a0a4d1fd8f9616a69909cec22531a01219e391bfe1df73a5151c872292fed1
20210806.0,1255482.97957826,Main,CSI 300 Index,49a0a4d1fd8f9616a69909cec22531a01219e391bfe1df73a5151c872292fed1
20210809.0,1269983.807589395,Main,CSI 300 Index,49a0a4d1fd8f9616a69909cec22531a01219e391bfe1df73a5151c872292fed1
20210810.0,1262981.1168402417,Main,CSI 300 Index,49a0a4d1fd8f9616a69909cec22531a01219e391bfe1df73a5151c872292fed1
20210811.0,1252407.4388661215,Main,CSI 300 Index,49a0a4d1fd8f9616a69909cec22531a01219e391bfe1df73a5151c872292fed1
20210812.0,1245515.4407149856,Main,CSI 300 Index,49a0a4d1fd8f9616a69909cec22531a01219e391bfe1df73a5151c872292fed1
20210813.0,1244277.3987577856,Main,CSI 300 Index,49a0a4d1fd8f9616a69909cec22531a01219e391bfe1df73a5151c872292fed1
20210816.0,1218172.4593363062,Main,CSI 300 Index,49a0a4d1fd8f9616a69909cec22531a01219e391bfe1df73a5151c872292fed1
20210817.0,1232484.767370698,Main,CSI 300 Index,49a0a4d1fd8f9616a69909cec22531a01219e391bfe1df73a5151c872292fed1
20210818.0,1224400.8991158097,Main,CSI 300 Index,49a0a4d1fd8f9616a69909cec22531a01219e391bfe1df73a5151c872292fed1
20210819.0,1201013.6181807255,Main,CSI 300 Index,49a0a4d1fd8f9616a69909cec22531a01219e391bfe1df73a5151c872292fed1
20210820.0,1217788.1754623991,Main,CSI 300 Index,49a0a4d1fd8f9616a69909cec22531a01219e391bfe1df73a5151c872292fed1
20210823.0,1231012.137358572,Main,CSI 300 Index,49a0a4d1fd8f9616a69909cec22531a01219e391bfe1df73a5151c872292fed1
20210824.0,1233471.6996404277,Main,CSI 300 Index,49a0a4d1fd8f9616a69909cec22531a01219e391bfe1df73a5151c872292fed1
20210825.0,1209158.738259354,Main,CSI 300 Index,49a0a4d1fd8f9616a69909cec22531a01219e391bfe1df73a5151c872292fed1
20210826.0,1215563.6519456864,Main,CSI 300 Index,49a0a4d1fd8f9616a69909cec22531a01219e391bfe1df73a5151c872292fed1
20210827.0,1212095.6494618398,Main,CSI 300 Index,49a0a4d1fd8f9616a69909cec22531a01219e391bfe1df73a5151c872292fed1
20210830.0,1210167.204913863,Main,CSI 300 Index,49a0a4d1fd8f9616a69909cec22531a01219e391bfe1df73a5151c872292fed1
20210831.0,1226245.4871456772,Main,CSI 300 Index,49a0a4d1fd8f9616a69909cec22531a01219e391bfe1df73a5151c872292fed1
20210901.0,1226233.2243685937,Main,CSI 300 Index,49a0a4d1fd8f9616a69909cec22531a01219e391bfe1df73a5151c872292fed1
20210902.0,1219598.076101419,Main,CSI 300 Index,49a0a4d1fd8f9616a69909cec22531a01219e391bfe1df73a5151c872292fed1
20210903.0,1242428.9517124468,Main,CSI 300 Index,49a0a4d1fd8f9616a69909cec22531a01219e391bfe1df73a5151c872292fed1
20210906.0,1257312.0084402903,Main,CSI 300 Index,49a0a4d1fd8f9616a69909cec22531a01219e391bfe1df73a5151c872292fed1
20210907.0,1252100.4502683585,Main,CSI 300 Index,49a0a4d1fd8f9616a69909cec22531a01219e391bfe1df73a5151c872292fed1
20210908.0,1251567.0555830887,Main,CSI 300 Index,49a0a4d1fd8f9616a69909cec22531a01219e391bfe1df73a5151c872292fed1
20210909.0,1262523.2735997115,Main,CSI 300 Index,49a0a4d1fd8f9616a69909cec22531a01219e391bfe1df73a5151c872292fed1
20210910.0,1257017.4097951802,Main,CSI 300 Index,49a0a4d1fd8f9616a69909cec22531a01219e391bfe1df73a5151c872292fed1
20210913.0,1238257.6815572442,Main,CSI 300 Index,49a0a4d1fd8f9616a69909cec22531a01219e391bfe1df73a5151c872292fed1
20210914.0,1225705.464069741,Main,CSI 300 Index,49a0a4d1fd8f9616a69909cec22531a01219e391bfe1df73a5151c872292fed1
20210915.0,1210691.7970149356,Main,CSI 300 Index,49a0a4d1fd8f9616a69909cec22531a01219e391bfe1df73a5151c872292fed1
20210916.0,1222839.8790308833,Main,CSI 300 Index,49a0a4d1fd8f9616a69909cec22531a01219e391bfe1df73a5151c872292fed1
20210917.0,1214234.7547444534,Main,CSI 300 Index,49a0a4d1fd8f9616a69909cec22531a01219e391bfe1df73a5151c872292fed1
20210922.0,1222149.1366269859,Main,CSI 300 Index,49a0a4d1fd8f9616a69909cec22531a01219e391bfe1df73a5151c872292fed1
20210923.0,1221200.748728766,Main,CSI 300 Index,49a0a4d1fd8f9616a69909cec22531a01219e391bfe1df73a5151c872292fed1
20210924.0,1228237.3078581013,Main,CSI 300 Index,49a0a4d1fd8f9616a69909cec22531a01219e391bfe1df73a5151c872292fed1
20210927.0,1229863.4937220842,Main,CSI 300 Index,49a0a4d1fd8f9616a69909cec22531a01219e391bfe1df73a5151c872292fed1
20210928.0,1217297.9787570671,Main,CSI 300 Index,49a0a4d1fd8f9616a69909cec22531a01219e391bfe1df73a5151c872292fed1
20210929.0,1225470.9177284017,Main,CSI 300 Index,49a0a4d1fd8f9616a69909cec22531a01219e391bfe1df73a5151c872292fed1
20210930.0,1241476.7933129517,Main,CSI 300 Index,49a0a4d1fd8f9616a69909cec22531a01219e391bfe1df73a5151c872292fed1
20211008.0,1243050.9857346322,Main,CSI 300 Index,49a0a4d1fd8f9616a69909cec22531a01219e391bfe1df73a5151c872292fed1
20211011.0,1229867.1869006136,Main,CSI 300 Index,49a0a4d1fd8f9616a69909cec22531a01219e391bfe1df73a5151c872292fed1
20211012.0,1244037.7165582601,Main,CSI 300 Index,49a0a4d1fd8f9616a69909cec22531a01219e391bfe1df73a5151c872292fed1
20211013.0,1237364.698458795,Main,CSI 300 Index,49a0a4d1fd8f9616a69909cec22531a01219e391bfe1df73a5151c872292fed1
20211014.0,1242022.138432107,Main,CSI 300 Index,49a0a4d1fd8f9616a69909cec22531a01219e391bfe1df73a5151c872292fed1
20211015.0,1227584.873787857,Main,CSI 300 Index,49a0a4d1fd8f9616a69909cec22531a01219e391bfe1df73a5151c872292fed1
20211018.0,1239659.3984719906,Main,CSI 300 Index,49a0a4d1fd8f9616a69909cec22531a01219e391bfe1df73a5151c872292fed1
20211019.0,1236501.9861980262,Main,CSI 300 Index,49a0a4d1fd8f9616a69909cec22531a01219e391bfe1df73a5151c872292fed1
20211020.0,1240991.7243265691,Main,CSI 300 Index,49a0a4d1fd8f9616a69909cec22531a01219e391bfe1df73a5151c872292fed1
20211021.0,1248976.2654097073,Main,CSI 300 Index,49a0a4d1fd8f9616a69909cec22531a01219e391bfe1df73a5151c872292fed1
20211022.0,1253962.1785127388,Main,CSI 300 Index,49a0a4d1fd8f9616a69909cec22531a01219e391bfe1df73a5151c872292fed1
20211025.0,1249825.3576757181,Main,CSI 300 Index,49a0a4d1fd8f9616a69909cec22531a01219e391bfe1df73a5151c872292fed1
20211026.0,1233473.8921472407,Main,CSI 300 Index,49a0a4d1fd8f9616a69909cec22531a01219e391bfe1df73a5151c872292fed1
20211027.0,1224904.9488015424,Main,CSI 300 Index,49a0a4d1fd8f9616a69909cec22531a01219e391bfe1df73a5151c872292fed1
20211028.0,1236144.6767710464,Main,CSI 300 Index,49a0a4d1fd8f9616a69909cec22531a01219e391bfe1df73a5151c872292fed1
20211029.0,1231590.720067086,Main,CSI 300 Index,49a0a4d1fd8f9616a69909cec22531a01219e391bfe1df73a5151c872292fed1
20211101.0,1218788.3339913245,Main,CSI 300 Index,49a0a4d1fd8f9616a69909cec22531a01219e391bfe1df73a5151c872292fed1
20211102.0,1214070.405247688,Main,CSI 300 Index,49a0a4d1fd8f9616a69909cec22531a01219e391bfe1df73a5151c872292fed1
20211103.0,1226064.206002332,Main,CSI 300 Index,49a0a4d1fd8f9616a69909cec22531a01219e391bfe1df73a5151c872292fed1
20211104.0,1219416.4856670902,Main,CSI 300 Index,49a0a4d1fd8f9616a69909cec22531a01219e391bfe1df73a5151c872292fed1
20211105.0,1220885.8833849495,Main,CSI 300 Index,49a0a4d1fd8f9616a69909cec22531a01219e391bfe1df73a5151c872292fed1
20211108.0,1220524.5012875423,Main,CSI 300 Index,49a0a4d1fd8f9616a69909cec22531a01219e391bfe1df73a5151c872292fed1
20211109.0,1214089.8956667196,Main,CSI 300 Index,49a0a4d1fd8f9616a69909cec22531a01219e391bfe1df73a5151c872292fed1
20211110.0,1233596.677615781,Main,CSI 300 Index,49a0a4d1fd8f9616a69909cec22531a01219e391bfe1df73a5151c872292fed1
20211111.0,1231008.591703703,Main,CSI 300 Index,49a0a4d1fd8f9616a69909cec22531a01219e391bfe1df73a5151c872292fed1
20211112.0,1229498.1447643228,Main,CSI 300 Index,49a0a4d1fd8f9616a69909cec22531a01219e391bfe1df73a5151c872292fed1
20211115.0,1229735.4380979566,Main,CSI 300 Index,49a0a4d1fd8f9616a69909cec22531a01219e391bfe1df73a5151c872292fed1
20211116.0,1230347.8464556609,Main,CSI 300 Index,49a0a4d1fd8f9616a69909cec22531a01219e391bfe1df73a5151c872292fed1
20211117.0,1218226.4591003885,Main,CSI 300 Index,49a0a4d1fd8f9616a69909cec22531a01219e391bfe1df73a5151c872292fed1
20211118.0,1231432.0334440656,Main,CSI 300 Index,49a0a4d1fd8f9616a69909cec22531a01219e391bfe1df73a5151c872292fed1
20211119.0,1237058.4464619285,Main,CSI 300 Index,49a0a4d1fd8f9616a69909cec22531a01219e391bfe1df73a5151c872292fed1
20211122.0,1237297.1987536922,Main,CSI 300 Index,49a0a4d1fd8f9616a69909cec22531a01219e391bfe1df73a5151c872292fed1
20211123.0,1238131.137796283,Main,CSI 300 Index,49a0a4d1fd8f9616a69909cec22531a01219e391bfe1df73a5151c872292fed1
20211124.0,1233039.9426526495,Main,CSI 300 Index,49a0a4d1fd8f9616a69909cec22531a01219e391bfe1df73a5151c872292fed1
20211125.0,1223894.4849818947,Main,CSI 300 Index,49a0a4d1fd8f9616a69909cec22531a01219e391bfe1df73a5151c872292fed1
20211126.0,1221702.4899235668,Main,CSI 300 Index,49a0a4d1fd8f9616a69909cec22531a01219e391bfe1df73a5151c872292fed1
20211129.0,1216818.1229516168,Main,CSI 300 Index,49a0a4d1fd8f9616a69909cec22531a01219e391bfe1df73a5151c872292fed1
20211130.0,1219795.6774312067,Main,CSI 300 Index,49a0a4d1fd8f9616a69909cec22531a01219e391bfe1df73a5151c872292fed1
20211201.0,1222896.3978886402,Main,CSI 300 Index,49a0a4d1fd8f9616a69909cec22531a01219e391bfe1df73a5151c872292fed1
20211202.0,1234192.2916765208,Main,CSI 300 Index,49a0a4d1fd8f9616a69909cec22531a01219e391bfe1df73a5151c872292fed1
20211203.0,1232078.1209447049,Main,CSI 300 Index,49a0a4d1fd8f9616a69909cec22531a01219e391bfe1df73a5151c872292fed1
20211206.0,1239502.6235521263,Main,CSI 300 Index,49a0a4d1fd8f9616a69909cec22531a01219e391bfe1df73a5151c872292fed1
20211207.0,1258093.923518442,Main,CSI 300 Index,49a0a4d1fd8f9616a69909cec22531a01219e391bfe1df73a5151c872292fed1
20211208.0,1278934.2491553326,Main,CSI 300 Index,49a0a4d1fd8f9616a69909cec22531a01219e391bfe1df73a5151c872292fed1
20211209.0,1272997.4361822389,Main,CSI 300 Index,49a0a4d1fd8f9616a69909cec22531a01219e391bfe1df73a5151c872292fed1
20211210.0,1280220.423504555,Main,CSI 300 Index,49a0a4d1fd8f9616a69909cec22531a01219e391bfe1df73a5151c872292fed1
20211213.0,1271631.4250802977,Main,CSI 300 Index,49a0a4d1fd8f9616a69909cec22531a01219e391bfe1df73a5151c872292fed1
20211214.0,1260602.5653959594,Main,CSI 300 Index,49a0a4d1fd8f9616a69909cec22531a01219e391bfe1df73a5151c872292fed1
20211215.0,1267863.6362055223,Main,CSI 300 Index,49a0a4d1fd8f9616a69909cec22531a01219e391bfe1df73a5151c872292fed1
20211216.0,1247724.8903658336,Main,CSI 300 Index,49a0a4d1fd8f9616a69909cec22531a01219e391bfe1df73a5151c872292fed1
20211217.0,1229004.025964437,Main,CSI 300 Index,49a0a4d1fd8f9616a69909cec22531a01219e391bfe1df73a5151c872292fed1
20211220.0,1237330.5279094605,Main,CSI 300 Index,49a0a4d1fd8f9616a69909cec22531a01219e391bfe1df73a5151c872292fed1
20211221.0,1237574.2827794135,Main,CSI 300 Index,49a0a4d1fd8f9616a69909cec22531a01219e391bfe1df73a5151c872292fed1
20211222.0,1246207.6003634264,Main,CSI 300 Index,49a0a4d1fd8f9616a69909cec22531a01219e391bfe1df73a5151c872292fed1
20211223.0,1239308.5953471304,Main,CSI 300 Index,49a0a4d1fd8f9616a69909cec22531a01219e391bfe1df73a5151c872292fed1
20211224.0,1238799.2398966511,Main,CSI 300 Index,49a0a4d1fd8f9616a69909cec22531a01219e391bfe1df73a5151c872292fed1
20211227.0,1248025.816249862,Main,CSI 300 Index,49a0a4d1fd8f9616a69909cec22531a01219e391bfe1df73a5151c872292fed1
20211228.0,1229772.1908200476,Main,CSI 300 Index,49a0a4d1fd8f9616a69909cec22531a01219e391bfe1df73a5151c872292fed1
20211229.0,1239349.6567775055,Main,CSI 300 Index,49a0a4d1fd8f9616a69909cec22531a01219e391bfe1df73a5151c872292fed1
20211230.0,1244100.0834573903,Main,CSI 300 Index,49a0a4d1fd8f9616a69909cec22531a01219e391bfe1df73a5151c872292fed1
20211231.0,1238407.0813115,Main,CSI 300 Index,49a0a4d1fd8f9616a69909cec22531a01219e391bfe1df73a5151c872292fed1
20220104.0,1225905.3616816062,Main,CSI 300 Index,49a0a4d1fd8f9616a69909cec22531a01219e391bfe1df73a5151c872292fed1
20220105.0,1213342.284417899,Main,CSI 300 Index,49a0a4d1fd8f9616a69909cec22531a01219e391bfe1df73a5151c872292fed1
20220106.0,1214384.5451820577,Main,CSI 300 Index,49a0a4d1fd8f9616a69909cec22531a01219e391bfe1df73a5151c872292fed1
20220107.0,1219843.2034501147,Main,CSI 300 Index,49a0a4d1fd8f9616a69909cec22531a01219e391bfe1df73a5151c872292fed1
20220110.0,1208191.2607994962,Main,CSI 300 Index,49a0a4d1fd8f9616a69909cec22531a01219e391bfe1df73a5151c872292fed1
20220111.0,1220229.6788134302,Main,CSI 300 Index,49a0a4d1fd8f9616a69909cec22531a01219e391bfe1df73a5151c872292fed1
20220112.0,1200169.103217801,Main,CSI 300 Index,49a0a4d1fd8f9616a69909cec22531a01219e391bfe1df73a5151c872292fed1
20220113.0,1190301.3127317622,Main,CSI 300 Index,49a0a4d1fd8f9616a69909cec22531a01219e391bfe1df73a5151c872292fed1
20220114.0,1200511.7172534098,Main,CSI 300 Index,49a0a4d1fd8f9616a69909cec22531a01219e391bfe1df73a5151c872292fed1
20220117.0,1212113.4621807628,Main,CSI 300 Index,49a0a4d1fd8f9616a69909cec22531a01219e391bfe1df73a5151c872292fed1
20220118.0,1203811.6974100533,Main,CSI 300 Index,49a0a4d1fd8f9616a69909cec22531a01219e391bfe1df73a5151c872292fed1
20220119.0,1214673.6905387612,Main,CSI 300 Index,49a0a4d1fd8f9616a69909cec22531a01219e391bfe1df73a5151c872292fed1
20220120.0,1203544.850508949,Main,CSI 300 Index,49a0a4d1fd8f9616a69909cec22531a01219e391bfe1df73a5151c872292fed1
20220121.0,1205413.9549363423,Main,CSI 300 Index,49a0a4d1fd8f9616a69909cec22531a01219e391bfe1df73a5151c872292fed1
20220124.0,1178145.0802879361,Main,CSI 300 Index,49a0a4d1fd8f9616a69909cec22531a01219e391bfe1df73a5151c872292fed1
20220125.0,1186671.3170600962,Main,CSI 300 Index,49a0a4d1fd8f9616a69909cec22531a01219e391bfe1df73a5151c872292fed1
20220126.0,1163394.759245166,Main,CSI 300 Index,49a0a4d1fd8f9616a69909cec22531a01219e391bfe1df73a5151c872292fed1
20220127.0,1149266.4925726727,Main,CSI 300 Index,49a0a4d1fd8f9616a69909cec22531a01219e391bfe1df73a5151c872292fed1
20220128.0,1166974.3913566244,Main,CSI 300 Index,49a0a4d1fd8f9616a69909cec22531a01219e391bfe1df73a5151c872292fed1
20220207.0,1160599.2103009631,Main,CSI 300 Index,49a0a4d1fd8f9616a69909cec22531a01219e391bfe1df73a5151c872292fed1
20220208.0,1171500.7184051252,Main,CSI 300 Index,49a0a4d1fd8f9616a69909cec22531a01219e391bfe1df73a5151c872292fed1
20220209.0,1168429.0438302897,Main,CSI 300 Index,49a0a4d1fd8f9616a69909cec22531a01219e391bfe1df73a5151c872292fed1
20220210.0,1158741.5984754064,Main,CSI 300 Index,49a0a4d1fd8f9616a69909cec22531a01219e391bfe1df73a5151c872292fed1
20220211.0,1146223.712287157,Main,CSI 300 Index,49a0a4d1fd8f9616a69909cec22531a01219e391bfe1df73a5151c872292fed1
20220214.0,1158416.0941321738,Main,CSI 300 Index,49a0a4d1fd8f9616a69909cec22531a01219e391bfe1df73a5151c872292fed1
20220215.0,1162920.0158975972,Main,CSI 300 Index,49a0a4d1fd8f9616a69909cec22531a01219e391bfe1df73a5151c872292fed1
20220216.0,1165734.283050776,Main,CSI 300 Index,49a0a4d1fd8f9616a69909cec22531a01219e391bfe1df73a5151c872292fed1
20220217.0,1171292.503511035,Main,CSI 300 Index,49a0a4d1fd8f9616a69909cec22531a01219e391bfe1df73a5151c872292fed1
20220218.0,1167031.3415939116,Main,CSI 300 Index,49a0a4d1fd8f9616a69909cec22531a01219e391bfe1df73a5151c872292fed1
20220221.0,1151880.940454137,Main,CSI 300 Index,49a0a4d1fd8f9616a69909cec22531a01219e391bfe1df73a5151c872292fed1
20220222.0,1164193.396384559,Main,CSI 300 Index,49a0a4d1fd8f9616a69909cec22531a01219e391bfe1df73a5151c872292fed1
20220223.0,1140590.538616036,Main,CSI 300 Index,49a0a4d1fd8f9616a69909cec22531a01219e391bfe1df73a5151c872292fed1
20220224.0,1151697.6102580214,Main,CSI 300 Index,49a0a4d1fd8f9616a69909cec22531a01219e391bfe1df73a5151c872292fed1
20220225.0,1153768.3622331116,Main,CSI 300 Index,49a0a4d1fd8f9616a69909cec22531a01219e391bfe1df73a5151c872292fed1
20220228.0,1163348.1010723421,Main,CSI 300 Index,49a0a4d1fd8f9616a69909cec22531a01219e391bfe1df73a5151c872292fed1
20220301.0,1153002.4458415639,Main,CSI 300 Index,49a0a4d1fd8f9616a69909cec22531a01219e391bfe1df73a5151c872292fed1
20220302.0,1146210.108570872,Main,CSI 300 Index,49a0a4d1fd8f9616a69909cec22531a01219e391bfe1df73a5151c872292fed1
20220303.0,1132310.0182698083,Main,CSI 300 Index,49a0a4d1fd8f9616a69909cec22531a01219e391bfe1df73a5151c872292fed1
20220304.0,1096134.9784842287,Main,CSI 300 Index,49a0a4d1fd8f9616a69909cec22531a01219e391bfe1df73a5151c872292fed1
20220307.0,1074128.9727716018,Main,CSI 300 Index,49a0a4d1fd8f9616a69909cec22531a01219e391bfe1df73a5151c872292fed1
20220308.0,1064296.3956745644,Main,CSI 300 Index,49a0a4d1fd8f9616a69909cec22531a01219e391bfe1df73a5151c872292fed1
20220309.0,1081040.9710614507,Main,CSI 300 Index,49a0a4d1fd8f9616a69909cec22531a01219e391bfe1df73a5151c872292fed1
20220310.0,1084487.329280826,Main,CSI 300 Index,49a0a4d1fd8f9616a69909cec22531a01219e391bfe1df73a5151c872292fed1
20220311.0,1051306.355433335,Main,CSI 300 Index,49a0a4d1fd8f9616a69909cec22531a01219e391bfe1df73a5151c872292fed1
20220314.0,1003221.7052216547,Main,CSI 300 Index,49a0a4d1fd8f9616a69909cec22531a01219e391bfe1df73a5151c872292fed1
20220315.0,1046603.018305805,Main,CSI 300 Index,49a0a4d1fd8f9616a69909cec22531a01219e391bfe1df73a5151c872292fed1
20220316.0,1067155.1620681044,Main,CSI 300 Index,49a0a4d1fd8f9616a69909cec22531a01219e391bfe1df73a5151c872292fed1
20220317.0,1074258.146523334,Main,CSI 300 Index,49a0a4d1fd8f9616a69909cec22531a01219e391bfe1df73a5151c872292fed1
20220318.0,1072456.6150541713,Main,CSI 300 Index,49a0a4d1fd8f9616a69909cec22531a01219e391bfe1df73a5151c872292fed1
20220321.0,1071587.9255416507,Main,CSI 300 Index,49a0a4d1fd8f9616a69909cec22531a01219e391bfe1df73a5151c872292fed1
20220322.0,1076931.9345253818,Main,CSI 300 Index,49a0a4d1fd8f9616a69909cec22531a01219e391bfe1df73a5151c872292fed1
20220323.0,1070583.4206604727,Main,CSI 300 Index,49a0a4d1fd8f9616a69909cec22531a01219e391bfe1df73a5151c872292fed1
20220324.0,1051260.4603139262,Main,CSI 300 Index,49a0a4d1fd8f9616a69909cec22531a01219e391bfe1df73a5151c872292fed1
20220325.0,1044685.8781398223,Main,CSI 300 Index,49a0a4d1fd8f9616a69909cec22531a01219e391bfe1df73a5151c872292fed1
20220328.0,1041079.6225860079,Main,CSI 300 Index,49a0a4d1fd8f9616a69909cec22531a01219e391bfe1df73a5151c872292fed1
20220329.0,1071287.5887348584,Main,CSI 300 Index,49a0a4d1fd8f9616a69909cec22531a01219e391bfe1df73a5151c872292fed1
20220330.0,1063354.7043331158,Main,CSI 300 Index,49a0a4d1fd8f9616a69909cec22531a01219e391bfe1df73a5151c872292fed1
20220331.0,1076842.2950797898,Main,CSI 300 Index,49a0a4d1fd8f9616a69909cec22531a01219e391bfe1df73a5151c872292fed1
20220401.0,1073740.9896147384,Main,CSI 300 Index,49a0a4d1fd8f9616a69909cec22531a01219e391bfe1df73a5151c872292fed1
20220406.0,1059956.3024947748,Main,CSI 300 Index,49a0a4d1fd8f9616a69909cec22531a01219e391bfe1df73a5151c872292fed1
20220407.0,1065412.9574932663,Main,CSI 300 Index,49a0a4d1fd8f9616a69909cec22531a01219e391bfe1df73a5151c872292fed1
20220408.0,1032500.2203214995,Main,CSI 300 Index,49a0a4d1fd8f9616a69909cec22531a01219e391bfe1df73a5151c872292fed1
20220411.0,1052621.5848217963,Main,CSI 300 Index,49a0a4d1fd8f9616a69909cec22531a01219e391bfe1df73a5151c872292fed1
20220412.0,1042489.0493924607,Main,CSI 300 Index,49a0a4d1fd8f9616a69909cec22531a01219e391bfe1df73a5151c872292fed1
20220413.0,1055541.0119270305,Main,CSI 300 Index,49a0a4d1fd8f9616a69909cec22531a01219e391bfe1df73a5151c872292fed1
20220414.0,1054830.6325978455,Main,CSI 300 Index,49a0a4d1fd8f9616a69909cec22531a01219e391bfe1df73a5151c872292fed1
20220415.0,1049198.8924497403,Main,CSI 300 Index,49a0a4d1fd8f9616a69909cec22531a01219e391bfe1df73a5151c872292fed1
20220418.0,1041271.1449235883,Main,CSI 300 Index,49a0a4d1fd8f9616a69909cec22531a01219e391bfe1df73a5151c872292fed1
20220419.0,1025126.2359197786,Main,CSI 300 Index,49a0a4d1fd8f9616a69909cec22531a01219e391bfe1df73a5151c872292fed1
20220420.0,1006249.5618102177,Main,CSI 300 Index,49a0a4d1fd8f9616a69909cec22531a01219e391bfe1df73a5151c872292fed1
20220421.0,1010636.8098597343,Main,CSI 300 Index,49a0a4d1fd8f9616a69909cec22531a01219e391bfe1df73a5151c872292fed1
20220422.0,960690.1281153763,Main,CSI 300 Index,49a0a4d1fd8f9616a69909cec22531a01219e391bfe1df73a5151c872292fed1
20220425.0,952935.4373393798,Main,CSI 300 Index,49a0a4d1fd8f9616a69909cec22531a01219e391bfe1df73a5151c872292fed1
20220426.0,980992.715461737,Main,CSI 300 Index,49a0a4d1fd8f9616a69909cec22531a01219e391bfe1df73a5151c872292fed1
20220427.0,987431.9515959041,Main,CSI 300 Index,49a0a4d1fd8f9616a69909cec22531a01219e391bfe1df73a5151c872292fed1
20220428.0,1011389.0256780833,Main,CSI 300 Index,49a0a4d1fd8f9616a69909cec22531a01219e391bfe1df73a5151c872292fed1
20220429.0,1009869.9193033268,Main,CSI 300 Index,49a0a4d1fd8f9616a69909cec22531a01219e391bfe1df73a5151c872292fed1
20220505.0,984336.3683192825,Main,CSI 300 Index,49a0a4d1fd8f9616a69909cec22531a01219e391bfe1df73a5151c872292fed1
20220506.0,976434.115933837,Main,CSI 300 Index,49a0a4d1fd8f9616a69909cec22531a01219e391bfe1df73a5151c872292fed1
20220509.0,987119.2345018024,Main,CSI 300 Index,49a0a4d1fd8f9616a69909cec22531a01219e391bfe1df73a5151c872292fed1
20220510.0,1001361.3907626419,Main,CSI 300 Index,49a0a4d1fd8f9616a69909cec22531a01219e391bfe1df73a5151c872292fed1
20220511.0,996908.3366813828,Main,CSI 300 Index,49a0a4d1fd8f9616a69909cec22531a01219e391bfe1df73a5151c872292fed1
20220512.0,1004428.0162638994,Main,CSI 300 Index,49a0a4d1fd8f9616a69909cec22531a01219e391bfe1df73a5151c872292fed1
20220513.0,996354.423896742,Main,CSI 300 Index,49a0a4d1fd8f9616a69909cec22531a01219e391bfe1df73a5151c872292fed1
20220516.0,1008782.9488995448,Main,CSI 300 Index,49a0a4d1fd8f9616a69909cec22531a01219e391bfe1df73a5151c872292fed1
20220517.0,1005261.2876856223,Main,CSI 300 Index,49a0a4d1fd8f9616a69909cec22531a01219e391bfe1df73a5151c872292fed1
20220518.0,1007198.4261589899,Main,CSI 300 Index,49a0a4d1fd8f9616a69909cec22531a01219e391bfe1df73a5151c872292fed1
20220519.0,1026840.8098217525,Main,CSI 300 Index,49a0a4d1fd8f9616a69909cec22531a01219e391bfe1df73a5151c872292fed1
20220520.0,1020893.347675197,Main,CSI 300 Index,49a0a4d1fd8f9616a69909cec22531a01219e391bfe1df73a5151c872292fed1
20220523.0,997013.6316430228,Main,CSI 300 Index,49a0a4d1fd8f9616a69909cec22531a01219e391bfe1df73a5151c872292fed1
20220524.0,1003063.5103102552,Main,CSI 300 Index,49a0a4d1fd8f9616a69909cec22531a01219e391bfe1df73a5151c872292fed1
20220525.0,1005548.0986075777,Main,CSI 300 Index,49a0a4d1fd8f9616a69909cec22531a01219e391bfe1df73a5151c872292fed1
20220526.0,1007626.566578802,Main,CSI 300 Index,49a0a4d1fd8f9616a69909cec22531a01219e391bfe1df73a5151c872292fed1
20220527.0,1014607.4033764055,Main,CSI 300 Index,49a0a4d1fd8f9616a69909cec22531a01219e391bfe1df73a5151c872292fed1
20220530.0,1030345.9933550074,Main,CSI 300 Index,49a0a4d1fd8f9616a69909cec22531a01219e391bfe1df73a5151c872292fed1
20220531.0,1028245.1180658967,Main,CSI 300 Index,49a0a4d1fd8f9616a69909cec22531a01219e391bfe1df73a5151c872292fed1
20220601.0,1029854.3214130726,Main,CSI 300 Index,49a0a4d1fd8f9616a69909cec22531a01219e391bfe1df73a5151c872292fed1
20220602.0,1049122.8963992114,Main,CSI 300 Index,49a0a4d1fd8f9616a69909cec22531a01219e391bfe1df73a5151c872292fed1
20220606.0,1052407.6999321298,Main,CSI 300 Index,49a0a4d1fd8f9616a69909cec22531a01219e391bfe1df73a5151c872292fed1
20220607.0,1062652.8884980576,Main,CSI 300 Index,49a0a4d1fd8f9616a69909cec22531a01219e391bfe1df73a5151c872292fed1
20220608.0,1051538.6024403835,Main,CSI 300 Index,49a0a4d1fd8f9616a69909cec22531a01219e391bfe1df73a5151c872292fed1
20220609.0,1067484.1337260553,Main,CSI 300 Index,49a0a4d1fd8f9616a69909cec22531a01219e391bfe1df73a5151c872292fed1
20220610.0,1054982.82716241,Main,CSI 300 Index,49a0a4d1fd8f9616a69909cec22531a01219e391bfe1df73a5151c872292fed1
20220613.0,1063282.3770434065,Main,CSI 300 Index,49a0a4d1fd8f9616a69909cec22531a01219e391bfe1df73a5151c872292fed1
20220614.0,1077361.2985776502,Main,CSI 300 Index,49a0a4d1fd8f9616a69909cec22531a01219e391bfe1df73a5151c872292fed1
20220615.0,1070271.1842900228,Main,CSI 300 Index,49a0a4d1fd8f9616a69909cec22531a01219e391bfe1df73a5151c872292fed1
20220616.0,1085124.4076641437,Main,CSI 300 Index,49a0a4d1fd8f9616a69909cec22531a01219e391bfe1df73a5151c872292fed1
20220617.0,1090510.964506303,Main,CSI 300 Index,49a0a4d1fd8f9616a69909cec22531a01219e391bfe1df73a5151c872292fed1
20220620.0,1089285.231109391,Main,CSI 300 Index,49a0a4d1fd8f9616a69909cec22531a01219e391bfe1df73a5151c872292fed1
20220621.0,1075449.1294503158,Main,CSI 300 Index,49a0a4d1fd8f9616a69909cec22531a01219e391bfe1df73a5151c872292fed1
20220622.0,1093896.3089746041,Main,CSI 300 Index,49a0a4d1fd8f9616a69909cec22531a01219e391bfe1df73a5151c872292fed1
20220623.0,1106712.3974548923,Main,CSI 300 Index,49a0a4d1fd8f9616a69909cec22531a01219e391bfe1df73a5151c872292fed1
20220624.0,1119176.1923126492,Main,CSI 300 Index,49a0a4d1fd8f9616a69909cec22531a01219e391bfe1df73a5151c872292fed1
20220627.0,1130823.45897194,Main,CSI 300 Index,49a0a4d1fd8f9616a69909cec22531a01219e391bfe1df73a5151c872292fed1
20220628.0,1113407.646861256,Main,CSI 300 Index,49a0a4d1fd8f9616a69909cec22531a01219e391bfe1df73a5151c872292fed1
20220629.0,1129437.377530372,Main,CSI 300 Index,49a0a4d1fd8f9616a69909cec22531a01219e391bfe1df73a5151c872292fed1
20220630.0,1124830.401840319,Main,CSI 300 Index,49a0a4d1fd8f9616a69909cec22531a01219e391bfe1df73a5151c872292fed1
20220701.0,1132211.5396134555,Main,CSI 300 Index,49a0a4d1fd8f9616a69909cec22531a01219e391bfe1df73a5151c872292fed1
20220704.0,1130576.6254358077,Main,CSI 300 Index,49a0a4d1fd8f9616a69909cec22531a01219e391bfe1df73a5151c872292fed1
20220705.0,1114064.5544593222,Main,CSI 300 Index,49a0a4d1fd8f9616a69909cec22531a01219e391bfe1df73a5151c872292fed1
20220706.0,1118976.4646073447,Main,CSI 300 Index,49a0a4d1fd8f9616a69909cec22531a01219e391bfe1df73a5151c872292fed1
20220707.0,1115276.00960073,Main,CSI 300 Index,49a0a4d1fd8f9616a69909cec22531a01219e391bfe1df73a5151c872292fed1
20220708.0,1096599.5976390857,Main,CSI 300 Index,49a0a4d1fd8f9616a69909cec22531a01219e391bfe1df73a5151c872292fed1
20220711.0,1086275.1125622569,Main,CSI 300 Index,49a0a4d1fd8f9616a69909cec22531a01219e391bfe1df73a5151c872292fed1
20220712.0,1088249.9609319195,Main,CSI 300 Index,49a0a4d1fd8f9616a69909cec22531a01219e391bfe1df73a5151c872292fed1
20220713.0,1088404.4924747434,Main,CSI 300 Index,49a0a4d1fd8f9616a69909cec22531a01219e391bfe1df73a5151c872292fed1
20220714.0,1069883.112618963,Main,CSI 300 Index,49a0a4d1fd8f9616a69909cec22531a01219e391bfe1df73a5151c872292fed1
20220715.0,1080977.8004127229,Main,CSI 300 Index,49a0a4d1fd8f9616a69909cec22531a01219e391bfe1df73a5151c872292fed1
20220718.0,1075124.3057507297,Main,CSI 300 Index,49a0a4d1fd8f9616a69909cec22531a01219e391bfe1df73a5151c872292fed1
20220719.0,1078766.8266898543,Main,CSI 300 Index,49a0a4d1fd8f9616a69909cec22531a01219e391bfe1df73a5151c872292fed1
20220720.0,1066743.9708959707,Main,CSI 300 Index,49a0a4d1fd8f9616a69909cec22531a01219e391bfe1df73a5151c872292fed1
20220721.0,1067292.2766623767,Main,CSI 300 Index,49a0a4d1fd8f9616a69909cec22531a01219e391bfe1df73a5151c872292fed1
20220722.0,1060847.9660195182,Main,CSI 300 Index,49a0a4d1fd8f9616a69909cec22531a01219e391bfe1df73a5151c872292fed1
20220725.0,1069241.3958882855,Main,CSI 300 Index,49a0a4d1fd8f9616a69909cec22531a01219e391bfe1df73a5151c872292fed1
20220726.0,1063967.897109731,Main,CSI 300 Index,49a0a4d1fd8f9616a69909cec22531a01219e391bfe1df73a5151c872292fed1
20220727.0,1064128.5564801807,Main,CSI 300 Index,49a0a4d1fd8f9616a69909cec22531a01219e391bfe1df73a5151c872292fed1
20220728.0,1050134.2016124248,Main,CSI 300 Index,49a0a4d1fd8f9616a69909cec22531a01219e391bfe1df73a5151c872292fed1
20220729.0,1054812.5492493114,Main,CSI 300 Index,49a0a4d1fd8f9616a69909cec22531a01219e391bfe1df73a5151c872292fed1
20220801.0,1034250.0330475892,Main,CSI 300 Index,49a0a4d1fd8f9616a69909cec22531a01219e391bfe1df73a5151c872292fed1
20220802.0,1024165.0612811302,Main,CSI 300 Index,49a0a4d1fd8f9616a69909cec22531a01219e391bfe1df73a5151c872292fed1
20220803.0,1032868.4159772019,Main,CSI 300 Index,49a0a4d1fd8f9616a69909cec22531a01219e391bfe1df73a5151c872292fed1
20220804.0,1046813.1723729739,Main,CSI 300 Index,49a0a4d1fd8f9616a69909cec22531a01219e391bfe1df73a5151c872292fed1
20220805.0,1044587.6477301808,Main,CSI 300 Index,49a0a4d1fd8f9616a69909cec22531a01219e391bfe1df73a5151c872292fed1
20220808.0,1046656.9753388962,Main,CSI 300 Index,49a0a4d1fd8f9616a69909cec22531a01219e391bfe1df73a5151c872292fed1
20220809.0,1034933.3707811461,Main,CSI 300 Index,49a0a4d1fd8f9616a69909cec22531a01219e391bfe1df73a5151c872292fed1
20220810.0,1056037.7322303597,Main,CSI 300 Index,49a0a4d1fd8f9616a69909cec22531a01219e391bfe1df73a5151c872292fed1
20220811.0,1055435.7909307017,Main,CSI 300 Index,49a0a4d1fd8f9616a69909cec22531a01219e391bfe1df73a5151c872292fed1
20220812.0,1054057.3919109174,Main,CSI 300 Index,49a0a4d1fd8f9616a69909cec22531a01219e391bfe1df73a5151c872292fed1
20220815.0,1052082.0877440148,Main,CSI 300 Index,49a0a4d1fd8f9616a69909cec22531a01219e391bfe1df73a5151c872292fed1
20220816.0,1061933.7849248266,Main,CSI 300 Index,49a0a4d1fd8f9616a69909cec22531a01219e391bfe1df73a5151c872292fed1
20220817.0,1052651.4212277327,Main,CSI 300 Index,49a0a4d1fd8f9616a69909cec22531a01219e391bfe1df73a5151c872292fed1
20220818.0,1045341.8100469216,Main,CSI 300 Index,49a0a4d1fd8f9616a69909cec22531a01219e391bfe1df73a5151c872292fed1
20220819.0,1052978.0325071195,Main,CSI 300 Index,49a0a4d1fd8f9616a69909cec22531a01219e391bfe1df73a5151c872292fed1
20220822.0,1047862.664848699,Main,CSI 300 Index,49a0a4d1fd8f9616a69909cec22531a01219e391bfe1df73a5151c872292fed1
20220823.0,1028053.8694101414,Main,CSI 300 Index,49a0a4d1fd8f9616a69909cec22531a01219e391bfe1df73a5151c872292fed1
20220824.0,1036570.2668628643,Main,CSI 300 Index,49a0a4d1fd8f9616a69909cec22531a01219e391bfe1df73a5151c872292fed1
20220825.0,1034381.0310056856,Main,CSI 300 Index,49a0a4d1fd8f9616a69909cec22531a01219e391bfe1df73a5151c872292fed1
20220826.0,1029842.1664808718,Main,CSI 300 Index,49a0a4d1fd8f9616a69909cec22531a01219e391bfe1df73a5151c872292fed1
20220829.0,1026384.9871466655,Main,CSI 300 Index,49a0a4d1fd8f9616a69909cec22531a01219e391bfe1df73a5151c872292fed1
20220830.0,1027151.69609636,Main,CSI 300 Index,49a0a4d1fd8f9616a69909cec22531a01219e391bfe1df73a5151c872292fed1
20220831.0,1018313.0560994034,Main,CSI 300 Index,49a0a4d1fd8f9616a69909cec22531a01219e391bfe1df73a5151c872292fed1
20220901.0,1013244.911883777,Main,CSI 300 Index,49a0a4d1fd8f9616a69909cec22531a01219e391bfe1df73a5151c872292fed1
20220902.0,1011182.9584232655,Main,CSI 300 Index,49a0a4d1fd8f9616a69909cec22531a01219e391bfe1df73a5151c872292fed1
20220905.0,1020463.5959917936,Main,CSI 300 Index,49a0a4d1fd8f9616a69909cec22531a01219e391bfe1df73a5151c872292fed1
20220906.0,1021144.2447251158,Main,CSI 300 Index,49a0a4d1fd8f9616a69909cec22531a01219e391bfe1df73a5151c872292fed1
20220907.0,1016788.0434877328,Main,CSI 300 Index,49a0a4d1fd8f9616a69909cec22531a01219e391bfe1df73a5151c872292fed1
20220908.0,1030916.3137211421,Main,CSI 300 Index,49a0a4d1fd8f9616a69909cec22531a01219e391bfe1df73a5151c872292fed1
20220909.0,1035280.182627943,Main,CSI 300 Index,49a0a4d1fd8f9616a69909cec22531a01219e391bfe1df73a5151c872292fed1
20220913.0,1023757.5134347025,Main,CSI 300 Index,49a0a4d1fd8f9616a69909cec22531a01219e391bfe1df73a5151c872292fed1
20220914.0,1014128.0505757664,Main,CSI 300 Index,49a0a4d1fd8f9616a69909cec22531a01219e391bfe1df73a5151c872292fed1
20220915.0,990346.747780832,Main,CSI 300 Index,49a0a4d1fd8f9616a69909cec22531a01219e391bfe1df73a5151c872292fed1
20220916.0,989167.2447381294,Main,CSI 300 Index,49a0a4d1fd8f9616a69909cec22531a01219e391bfe1df73a5151c872292fed1
20220919.0,990384.9096082295,Main,CSI 300 Index,49a0a4d1fd8f9616a69909cec22531a01219e391bfe1df73a5151c872292fed1
20220920.0,983057.051683713,Main,CSI 300 Index,49a0a4d1fd8f9616a69909cec22531a01219e391bfe1df73a5151c872292fed1
20220921.0,974396.3191166013,Main,CSI 300 Index,49a0a4d1fd8f9616a69909cec22531a01219e391bfe1df73a5151c872292fed1
20220922.0,971041.472570677,Main,CSI 300 Index,49a0a4d1fd8f9616a69909cec22531a01219e391bfe1df73a5151c872292fed1
20220923.0,966169.7575330524,Main,CSI 300 Index,49a0a4d1fd8f9616a69909cec22531a01219e391bfe1df73a5151c872292fed1
20220926.0,980175.3543141626,Main,CSI 300 Index,49a0a4d1fd8f9616a69909cec22531a01219e391bfe1df73a5151c872292fed1
20220927.0,964163.2096862351,Main,CSI 300 Index,49a0a4d1fd8f9616a69909cec22531a01219e391bfe1df73a5151c872292fed1
20220928.0,963768.8669369885,Main,CSI 300 Index,49a0a4d1fd8f9616a69909cec22531a01219e391bfe1df73a5151c872292fed1
20220929.0,958163.5872430302,Main,CSI 300 Index,49a0a4d1fd8f9616a69909cec22531a01219e391bfe1df73a5151c872292fed1
20220930.0,937023.6239597565,Main,CSI 300 Index,49a0a4d1fd8f9616a69909cec22531a01219e391bfe1df73a5151c872292fed1
20221010.0,938723.3848583931,Main,CSI 300 Index,49a0a4d1fd8f9616a69909cec22531a01219e391bfe1df73a5151c872292fed1
20221011.0,952981.6543655895,Main,CSI 300 Index,49a0a4d1fd8f9616a69909cec22531a01219e391bfe1df73a5151c872292fed1
20221012.0,945015.6807120718,Main,CSI 300 Index,49a0a4d1fd8f9616a69909cec22531a01219e391bfe1df73a5151c872292fed1
20221013.0,967628.9609590262,Main,CSI 300 Index,49a0a4d1fd8f9616a69909cec22531a01219e391bfe1df73a5151c872292fed1
20221014.0,968621.7481884805,Main,CSI 300 Index,49a0a4d1fd8f9616a69909cec22531a01219e391bfe1df73a5151c872292fed1
20221017.0,966570.2073548719,Main,CSI 300 Index,49a0a4d1fd8f9616a69909cec22531a01219e391bfe1df73a5151c872292fed1
20221018.0,951023.892186258,Main,CSI 300 Index,49a0a4d1fd8f9616a69909cec22531a01219e391bfe1df73a5151c872292fed1
20221019.0,945583.0844845732,Main,CSI 300 Index,49a0a4d1fd8f9616a69909cec22531a01219e391bfe1df73a5151c872292fed1
20221020.0,942552.4906707996,Main,CSI 300 Index,49a0a4d1fd8f9616a69909cec22531a01219e391bfe1df73a5151c872292fed1
20221021.0,914972.4622721287,Main,CSI 300 Index,49a0a4d1fd8f9616a69909cec22531a01219e391bfe1df73a5151c872292fed1
20221024.0,913481.9721300275,Main,CSI 300 Index,49a0a4d1fd8f9616a69909cec22531a01219e391bfe1df73a5151c872292fed1
20221025.0,920897.6187395127,Main,CSI 300 Index,49a0a4d1fd8f9616a69909cec22531a01219e391bfe1df73a5151c872292fed1
20221026.0,914410.8158902553,Main,CSI 300 Index,49a0a4d1fd8f9616a69909cec22531a01219e391bfe1df73a5151c872292fed1
20221027.0,891792.8644337745,Main,CSI 300 Index,49a0a4d1fd8f9616a69909cec22531a01219e391bfe1df73a5151c872292fed1
20221028.0,883576.7767248825,Main,CSI 300 Index,49a0a4d1fd8f9616a69909cec22531a01219e391bfe1df73a5151c872292fed1
20221031.0,915173.4822846971,Main,CSI 300 Index,49a0a4d1fd8f9616a69909cec22531a01219e391bfe1df73a5151c872292fed1
20221101.0,926161.0550818115,Main,CSI 300 Index,49a0a4d1fd8f9616a69909cec22531a01219e391bfe1df73a5151c872292fed1
20221102.0,918629.5133761244,Main,CSI 300 Index,49a0a4d1fd8f9616a69909cec22531a01219e391bfe1df73a5151c872292fed1
20221103.0,948666.8611883129,Main,CSI 300 Index,49a0a4d1fd8f9616a69909cec22531a01219e391bfe1df73a5151c872292fed1
20221104.0,950712.1870027254,Main,CSI 300 Index,49a0a4d1fd8f9616a69909cec22531a01219e391bfe1df73a5151c872292fed1
20221107.0,944172.2378900659,Main,CSI 300 Index,49a0a4d1fd8f9616a69909cec22531a01219e391bfe1df73a5151c872292fed1
20221108.0,935344.2274306628,Main,CSI 300 Index,49a0a4d1fd8f9616a69909cec22531a01219e391bfe1df73a5151c872292fed1
20221109.0,928146.753562335,Main,CSI 300 Index,49a0a4d1fd8f9616a69909cec22531a01219e391bfe1df73a5151c872292fed1
20221110.0,954021.6288182355,Main,CSI 300 Index,49a0a4d1fd8f9616a69909cec22531a01219e391bfe1df73a5151c872292fed1
20221111.0,955425.9486607915,Main,CSI 300 Index,49a0a4d1fd8f9616a69909cec22531a01219e391bfe1df73a5151c872292fed1
20221114.0,973546.5571949135,Main,CSI 300 Index,49a0a4d1fd8f9616a69909cec22531a01219e391bfe1df73a5151c872292fed1
20221115.0,965593.6553585803,Main,CSI 300 Index,49a0a4d1fd8f9616a69909cec22531a01219e391bfe1df73a5151c872292fed1
20221116.0,961633.7557811711,Main,CSI 300 Index,49a0a4d1fd8f9616a69909cec22531a01219e391bfe1df73a5151c872292fed1
20221117.0,957328.5214248963,Main,CSI 300 Index,49a0a4d1fd8f9616a69909cec22531a01219e391bfe1df73a5151c872292fed1
20221118.0,949158.6798399843,Main,CSI 300 Index,49a0a4d1fd8f9616a69909cec22531a01219e391bfe1df73a5151c872292fed1
20221121.0,949270.6805150362,Main,CSI 300 Index,49a0a4d1fd8f9616a69909cec22531a01219e391bfe1df73a5151c872292fed1
20221122.0,950266.4655270074,Main,CSI 300 Index,49a0a4d1fd8f9616a69909cec22531a01219e391bfe1df73a5151c872292fed1
20221123.0,946055.8348383621,Main,CSI 300 Index,49a0a4d1fd8f9616a69909cec22531a01219e391bfe1df73a5151c872292fed1
20221124.0,950832.470673469,Main,CSI 300 Index,49a0a4d1fd8f9616a69909cec22531a01219e391bfe1df73a5151c872292fed1
20221125.0,940121.3429720165,Main,CSI 300 Index,49a0a4d1fd8f9616a69909cec22531a01219e391bfe1df73a5151c872292fed1
20221128.0,969126.9067434361,Main,CSI 300 Index,49a0a4d1fd8f9616a69909cec22531a01219e391bfe1df73a5151c872292fed1
20221129.0,970288.8898762461,Main,CSI 300 Index,49a0a4d1fd8f9616a69909cec22531a01219e391bfe1df73a5151c872292fed1
20221130.0,980798.0888193831,Main,CSI 300 Index,49a0a4d1fd8f9616a69909cec22531a01219e391bfe1df73a5151c872292fed1
20221201.0,974799.5277326081,Main,CSI 300 Index,49a0a4d1fd8f9616a69909cec22531a01219e391bfe1df73a5151c872292fed1
20221202.0,993920.220525123,Main,CSI 300 Index,49a0a4d1fd8f9616a69909cec22531a01219e391bfe1df73a5151c872292fed1
20221205.0,999289.3775111268,Main,CSI 300 Index,49a0a4d1fd8f9616a69909cec22531a01219e391bfe1df73a5151c872292fed1
20221206.0,996832.1249410884,Main,CSI 300 Index,49a0a4d1fd8f9616a69909cec22531a01219e391bfe1df73a5151c872292fed1
20221207.0,997018.5325824973,Main,CSI 300 Index,49a0a4d1fd8f9616a69909cec22531a01219e391bfe1df73a5151c872292fed1
20221208.0,1006856.1143942741,Main,CSI 300 Index,49a0a4d1fd8f9616a69909cec22531a01219e391bfe1df73a5151c872292fed1
20221209.0,995574.2916165898,Main,CSI 300 Index,49a0a4d1fd8f9616a69909cec22531a01219e391bfe1df73a5151c872292fed1
20221212.0,993619.9792526184,Main,CSI 300 Index,49a0a4d1fd8f9616a69909cec22531a01219e391bfe1df73a5151c872292fed1
20221213.0,995938.0947298727,Main,CSI 300 Index,49a0a4d1fd8f9616a69909cec22531a01219e391bfe1df73a5151c872292fed1
20221214.0,995208.0720657517,Main,CSI 300 Index,49a0a4d1fd8f9616a69909cec22531a01219e391bfe1df73a5151c872292fed1
20221215.0,995771.3598263912,Main,CSI 300 Index,49a0a4d1fd8f9616a69909cec22531a01219e391bfe1df73a5151c872292fed1
20221216.0,980408.5992933374,Main,CSI 300 Index,49a0a4d1fd8f9616a69909cec22531a01219e391bfe1df73a5151c872292fed1
20221219.0,964240.6810751072,Main,CSI 300 Index,49a0a4d1fd8f9616a69909cec22531a01219e391bfe1df73a5151c872292fed1
20221220.0,964623.4846253889,Main,CSI 300 Index,49a0a4d1fd8f9616a69909cec22531a01219e391bfe1df73a5151c872292fed1
20221221.0,966005.7900716971,Main,CSI 300 Index,49a0a4d1fd8f9616a69909cec22531a01219e391bfe1df73a5151c872292fed1
20221222.0,964039.0022930905,Main,CSI 300 Index,49a0a4d1fd8f9616a69909cec22531a01219e391bfe1df73a5151c872292fed1
20221223.0,967884.5539414022,Main,CSI 300 Index,49a0a4d1fd8f9616a69909cec22531a01219e391bfe1df73a5151c872292fed1
20221226.0,979056.845284886,Main,CSI 300 Index,49a0a4d1fd8f9616a69909cec22531a01219e391bfe1df73a5151c872292fed1
20221227.0,974879.2097380942,Main,CSI 300 Index,49a0a4d1fd8f9616a69909cec22531a01219e391bfe1df73a5151c872292fed1
20221228.0,971211.714162433,Main,CSI 300 Index,49a0a4d1fd8f9616a69909cec22531a01219e391bfe1df73a5151c872292fed1
20221229.0,974972.2458905282,Main,CSI 300 Index,49a0a4d1fd8f9616a69909cec22531a01219e391bfe1df73a5151c872292fed1
20221230.0,979068.1042906368,Main,CSI 300 Index,49a0a4d1fd8f9616a69909cec22531a01219e391bfe1df73a5151c872292fed1
20230103.0,980339.9138032276,Main,CSI 300 Index,49a0a4d1fd8f9616a69909cec22531a01219e391bfe1df73a5151c872292fed1
20230104.0,999384.9773195548,Main,CSI 300 Index,49a0a4d1fd8f9616a69909cec22531a01219e391bfe1df73a5151c872292fed1
20230105.0,1002485.0695296766,Main,CSI 300 Index,49a0a4d1fd8f9616a69909cec22531a01219e391bfe1df73a5151c872292fed1
20230106.0,1010601.1885932471,Main,CSI 300 Index,49a0a4d1fd8f9616a69909cec22531a01219e391bfe1df73a5151c872292fed1
20230109.0,1011697.6908568101,Main,CSI 300 Index,49a0a4d1fd8f9616a69909cec22531a01219e391bfe1df73a5151c872292fed1
20230110.0,1009823.0151220817,Main,CSI 300 Index,49a0a4d1fd8f9616a69909cec22531a01219e391bfe1df73a5151c872292fed1
20230111.0,1011797.2190677001,Main,CSI 300 Index,49a0a4d1fd8f9616a69909cec22531a01219e391bfe1df73a5151c872292fed1
20230112.0,1026027.1354430588,Main,CSI 300 Index,49a0a4d1fd8f9616a69909cec22531a01219e391bfe1df73a5151c872292fed1
20230113.0,1042040.3404100118,Main,CSI 300 Index,49a0a4d1fd8f9616a69909cec22531a01219e391bfe1df73a5151c872292fed1
20230116.0,1041859.0256923168,Main,CSI 300 Index,49a0a4d1fd8f9616a69909cec22531a01219e391bfe1df73a5151c872292fed1
20230117.0,1040113.9113404554,Main,CSI 300 Index,49a0a4d1fd8f9616a69909cec22531a01219e391bfe1df73a5151c872292fed1
20230118.0,1046584.4608467489,Main,CSI 300 Index,49a0a4d1fd8f9616a69909cec22531a01219e391bfe1df73a5151c872292fed1
20230119.0,1053010.4887297808,Main,CSI 300 Index,49a0a4d1fd8f9616a69909cec22531a01219e391bfe1df73a5151c872292fed1
20230120.0,1058000.7054540738,Main,CSI 300 Index,49a0a4d1fd8f9616a69909cec22531a01219e391bfe1df73a5151c872292fed1
20230130.0,1046797.5358823912,Main,CSI 300 Index,49a0a4d1fd8f9616a69909cec22531a01219e391bfe1df73a5151c872292fed1
20230131.0,1056637.4332051908,Main,CSI 300 Index,49a0a4d1fd8f9616a69909cec22531a01219e391bfe1df73a5151c872292fed1
20230201.0,1052914.8995023603,Main,CSI 300 Index,49a0a4d1fd8f9616a69909cec22531a01219e391bfe1df73a5151c872292fed1
20230202.0,1042963.8008792661,Main,CSI 300 Index,49a0a4d1fd8f9616a69909cec22531a01219e391bfe1df73a5151c872292fed1
20230203.0,1029175.8194033583,Main,CSI 300 Index,49a0a4d1fd8f9616a69909cec22531a01219e391bfe1df73a5151c872292fed1
20230206.0,1031028.3360669112,Main,CSI 300 Index,49a0a4d1fd8f9616a69909cec22531a01219e391bfe1df73a5151c872292fed1
20230207.0,1026472.2214478925,Main,CSI 300 Index,49a0a4d1fd8f9616a69909cec22531a01219e391bfe1df73a5151c872292fed1
20230208.0,1040250.5579286332,Main,CSI 300 Index,49a0a4d1fd8f9616a69909cec22531a01219e391bfe1df73a5151c872292fed1
20230209.0,1034069.3898168993,Main,CSI 300 Index,49a0a4d1fd8f9616a69909cec22531a01219e391bfe1df73a5151c872292fed1
20230210.0,1043453.5692572813,Main,CSI 300 Index,49a0a4d1fd8f9616a69909cec22531a01219e391bfe1df73a5151c872292fed1
20230213.0,1043885.5592307023,Main,CSI 300 Index,49a0a4d1fd8f9616a69909cec22531a01219e391bfe1df73a5151c872292fed1
20230214.0,1038445.8714879499,Main,CSI 300 Index,49a0a4d1fd8f9616a69909cec22531a01219e391bfe1df73a5151c872292fed1
20230215.0,1030840.2932529037,Main,CSI 300 Index,49a0a4d1fd8f9616a69909cec22531a01219e391bfe1df73a5151c872292fed1
20230216.0,1015987.9466780268,Main,CSI 300 Index,49a0a4d1fd8f9616a69909cec22531a01219e391bfe1df73a5151c872292fed1
20230217.0,1040914.1946404161,Main,CSI 300 Index,49a0a4d1fd8f9616a69909cec22531a01219e391bfe1df73a5151c872292fed1
20230220.0,1043649.7177333663,Main,CSI 300 Index,49a0a4d1fd8f9616a69909cec22531a01219e391bfe1df73a5151c872292fed1
20230221.0,1034230.7786664137,Main,CSI 300 Index,49a0a4d1fd8f9616a69909cec22531a01219e391bfe1df73a5151c872292fed1
20230222.0,1033398.223294016,Main,CSI 300 Index,49a0a4d1fd8f9616a69909cec22531a01219e391bfe1df73a5151c872292fed1
20230223.0,1022670.5163749212,Main,CSI 300 Index,49a0a4d1fd8f9616a69909cec22531a01219e391bfe1df73a5151c872292fed1
20230224.0,1018338.4840914091,Main,CSI 300 Index,49a0a4d1fd8f9616a69909cec22531a01219e391bfe1df73a5151c872292fed1
20230227.0,1024788.6397234276,Main,CSI 300 Index,49a0a4d1fd8f9616a69909cec22531a01219e391bfe1df73a5151c872292fed1
20230228.0,1039263.779286991,Main,CSI 300 Index,49a0a4d1fd8f9616a69909cec22531a01219e391bfe1df73a5151c872292fed1
20230301.0,1036946.2212456914,Main,CSI 300 Index,49a0a4d1fd8f9616a69909cec22531a01219e391bfe1df73a5151c872292fed1
20230302.0,1040173.1975385977,Main,CSI 300 Index,49a0a4d1fd8f9616a69909cec22531a01219e391bfe1df73a5151c872292fed1
20171206.0,1000000.0,Main,Baseline portfolio,49a0a4d1fd8f9616a69909cec22531a01219e391bfe1df73a5151c872292fed1
20171207.0,1009696.994006538,Main,Baseline portfolio,49a0a4d1fd8f9616a69909cec22531a01219e391bfe1df73a5151c872292fed1
20171208.0,1025822.6623056515,Main,Baseline portfolio,49a0a4d1fd8f9616a69909cec22531a01219e391bfe1df73a5151c872292fed1
20171211.0,1020926.9940052823,Main,Baseline portfolio,49a0a4d1fd8f9616a69909cec22531a01219e391bfe1df73a5151c872292fed1
20171212.0,1026262.5118936357,Main,Baseline portfolio,49a0a4d1fd8f9616a69909cec22531a01219e391bfe1df73a5151c872292fed1
20171213.0,1023945.4354669844,Main,Baseline portfolio,49a0a4d1fd8f9616a69909cec22531a01219e391bfe1df73a5151c872292fed1
20171214.0,1018292.4267106535,Main,Baseline portfolio,49a0a4d1fd8f9616a69909cec22531a01219e391bfe1df73a5151c872292fed1
20171215.0,1004179.4379052162,Main,Baseline portfolio,49a0a4d1fd8f9616a69909cec22531a01219e391bfe1df73a5151c872292fed1
20171218.0,1018759.6732317696,Main,Baseline portfolio,49a0a4d1fd8f9616a69909cec22531a01219e391bfe1df73a5151c872292fed1
20171219.0,1015502.675221601,Main,Baseline portfolio,49a0a4d1fd8f9616a69909cec22531a01219e391bfe1df73a5151c872292fed1
20171220.0,1020378.020298359,Main,Baseline portfolio,49a0a4d1fd8f9616a69909cec22531a01219e391bfe1df73a5151c872292fed1
20171221.0,1022994.8604442491,Main,Baseline portfolio,49a0a4d1fd8f9616a69909cec22531a01219e391bfe1df73a5151c872292fed1
20171222.0,1020866.4094531486,Main,Baseline portfolio,49a0a4d1fd8f9616a69909cec22531a01219e391bfe1df73a5151c872292fed1
20171225.0,1027603.8851589324,Main,Baseline portfolio,49a0a4d1fd8f9616a69909cec22531a01219e391bfe1df73a5151c872292fed1
20171226.0,1018376.8446891699,Main,Baseline portfolio,49a0a4d1fd8f9616a69909cec22531a01219e391bfe1df73a5151c872292fed1
20171227.0,1019094.4030485647,Main,Baseline portfolio,49a0a4d1fd8f9616a69909cec22531a01219e391bfe1df73a5151c872292fed1
20171228.0,1029762.8885978636,Main,Baseline portfolio,49a0a4d1fd8f9616a69909cec22531a01219e391bfe1df73a5151c872292fed1
20171229.0,1038587.9497873351,Main,Baseline portfolio,49a0a4d1fd8f9616a69909cec22531a01219e391bfe1df73a5151c872292fed1
20180102.0,1044782.552622604,Main,Baseline portfolio,49a0a4d1fd8f9616a69909cec22531a01219e391bfe1df73a5151c872292fed1
20180103.0,1058029.53663771,Main,Baseline portfolio,49a0a4d1fd8f9616a69909cec22531a01219e391bfe1df73a5151c872292fed1
20180104.0,1063146.0031010725,Main,Baseline portfolio,49a0a4d1fd8f9616a69909cec22531a01219e391bfe1df73a5151c872292fed1
20180105.0,1067172.054737806,Main,Baseline portfolio,49a0a4d1fd8f9616a69909cec22531a01219e391bfe1df73a5151c872292fed1
20180108.0,1065956.0953466112,Main,Baseline portfolio,49a0a4d1fd8f9616a69909cec22531a01219e391bfe1df73a5151c872292fed1
20180109.0,1060897.8913368941,Main,Baseline portfolio,49a0a4d1fd8f9616a69909cec22531a01219e391bfe1df73a5151c872292fed1
20180110.0,1059290.9205880007,Main,Baseline portfolio,49a0a4d1fd8f9616a69909cec22531a01219e391bfe1df73a5151c872292fed1
20180111.0,1055913.5712714102,Main,Baseline portfolio,49a0a4d1fd8f9616a69909cec22531a01219e391bfe1df73a5151c872292fed1
20180112.0,1040212.3225206428,Main,Baseline portfolio,49a0a4d1fd8f9616a69909cec22531a01219e391bfe1df73a5151c872292fed1
20180115.0,1044094.5406866815,Main,Baseline portfolio,49a0a4d1fd8f9616a69909cec22531a01219e391bfe1df73a5151c872292fed1
20180116.0,1048266.1700130225,Main,Baseline portfolio,49a0a4d1fd8f9616a69909cec22531a01219e391bfe1df73a5151c872292fed1
20180117.0,1059621.2585200195,Main,Baseline portfolio,49a0a4d1fd8f9616a69909cec22531a01219e391bfe1df73a5151c872292fed1
20180118.0,1062461.8262299553,Main,Baseline portfolio,49a0a4d1fd8f9616a69909cec22531a01219e391bfe1df73a5151c872292fed1
20180119.0,1075493.5634542506,Main,Baseline portfolio,49a0a4d1fd8f9616a69909cec22531a01219e391bfe1df73a5151c872292fed1
20180122.0,1085670.8499534065,Main,Baseline portfolio,49a0a4d1fd8f9616a69909cec22531a01219e391bfe1df73a5151c872292fed1
20180123.0,1089991.2468444607,Main,Baseline portfolio,49a0a4d1fd8f9616a69909cec22531a01219e391bfe1df73a5151c872292fed1
20180124.0,1091145.1885220215,Main,Baseline portfolio,49a0a4d1fd8f9616a69909cec22531a01219e391bfe1df73a5151c872292fed1
20180125.0,1093545.7091472037,Main,Baseline portfolio,49a0a4d1fd8f9616a69909cec22531a01219e391bfe1df73a5151c872292fed1
20180126.0,1089184.87358359,Main,Baseline portfolio,49a0a4d1fd8f9616a69909cec22531a01219e391bfe1df73a5151c872292fed1
20180129.0,1086232.117028073,Main,Baseline portfolio,49a0a4d1fd8f9616a69909cec22531a01219e391bfe1df73a5151c872292fed1
20180130.0,1077735.8807035394,Main,Baseline portfolio,49a0a4d1fd8f9616a69909cec22531a01219e391bfe1df73a5151c872292fed1
20180131.0,1054919.0679291296,Main,Baseline portfolio,49a0a4d1fd8f9616a69909cec22531a01219e391bfe1df73a5151c872292fed1
20180201.0,1075661.876145611,Main,Baseline portfolio,49a0a4d1fd8f9616a69909cec22531a01219e391bfe1df73a5151c872292fed1
20180202.0,1078752.0161893426,Main,Baseline portfolio,49a0a4d1fd8f9616a69909cec22531a01219e391bfe1df73a5151c872292fed1
20180205.0,1029674.3467658986,Main,Baseline portfolio,49a0a4d1fd8f9616a69909cec22531a01219e391bfe1df73a5151c872292fed1
20180206.0,1011822.9142176152,Main,Baseline portfolio,49a0a4d1fd8f9616a69909cec22531a01219e391bfe1df73a5151c872292fed1
20180207.0,1011943.139065647,Main,Baseline portfolio,49a0a4d1fd8f9616a69909cec22531a01219e391bfe1df73a5151c872292fed1
20180208.0,979103.370216034,Main,Baseline portfolio,49a0a4d1fd8f9616a69909cec22531a01219e391bfe1df73a5151c872292fed1
20180209.0,1006393.0941412882,Main,Baseline portfolio,49a0a4d1fd8f9616a69909cec22531a01219e391bfe1df73a5151c872292fed1
20180212.0,1012344.6332696903,Main,Baseline portfolio,49a0a4d1fd8f9616a69909cec22531a01219e391bfe1df73a5151c872292fed1
20180213.0,1017521.7266059222,Main,Baseline portfolio,49a0a4d1fd8f9616a69909cec22531a01219e391bfe1df73a5151c872292fed1
20180214.0,1030909.0228049485,Main,Baseline portfolio,49a0a4d1fd8f9616a69909cec22531a01219e391bfe1df73a5151c872292fed1
20180222.0,1044619.6108357148,Main,Baseline portfolio,49a0a4d1fd8f9616a69909cec22531a01219e391bfe1df73a5151c872292fed1
20180223.0,1068223.3424316403,Main,Baseline portfolio,49a0a4d1fd8f9616a69909cec22531a01219e391bfe1df73a5151c872292fed1
20180226.0,1062666.0689240193,Main,Baseline portfolio,49a0a4d1fd8f9616a69909cec22531a01219e391bfe1df73a5151c872292fed1
20180227.0,1062134.2013594138,Main,Baseline portfolio,49a0a4d1fd8f9616a69909cec22531a01219e391bfe1df73a5151c872292fed1
20180228.0,1070781.9909607354,Main,Baseline portfolio,49a0a4d1fd8f9616a69909cec22531a01219e391bfe1df73a5151c872292fed1
20180301.0,1063214.7974729626,Main,Baseline portfolio,49a0a4d1fd8f9616a69909cec22531a01219e391bfe1df73a5151c872292fed1
20180302.0,1064705.3935531776,Main,Baseline portfolio,49a0a4d1fd8f9616a69909cec22531a01219e391bfe1df73a5151c872292fed1
20180305.0,1079181.4675724527,Main,Baseline portfolio,49a0a4d1fd8f9616a69909cec22531a01219e391bfe1df73a5151c872292fed1
20180306.0,1077447.2068309179,Main,Baseline portfolio,49a0a4d1fd8f9616a69909cec22531a01219e391bfe1df73a5151c872292fed1
20180307.0,1084301.135801033,Main,Baseline portfolio,49a0a4d1fd8f9616a69909cec22531a01219e391bfe1df73a5151c872292fed1
20180308.0,1093130.4190885182,Main,Baseline portfolio,49a0a4d1fd8f9616a69909cec22531a01219e391bfe1df73a5151c872292fed1
20180309.0,1110075.823723234,Main,Baseline portfolio,49a0a4d1fd8f9616a69909cec22531a01219e391bfe1df73a5151c872292fed1
20180312.0,1103746.375636284,Main,Baseline portfolio,49a0a4d1fd8f9616a69909cec22531a01219e391bfe1df73a5151c872292fed1
20180313.0,1093420.4627422998,Main,Baseline portfolio,49a0a4d1fd8f9616a69909cec22531a01219e391bfe1df73a5151c872292fed1
20180314.0,1090707.8869446446,Main,Baseline portfolio,49a0a4d1fd8f9616a69909cec22531a01219e391bfe1df73a5151c872292fed1
20180315.0,1088092.8702179005,Main,Baseline portfolio,49a0a4d1fd8f9616a69909cec22531a01219e391bfe1df73a5151c872292fed1
20180316.0,1085749.7758087707,Main,Baseline portfolio,49a0a4d1fd8f9616a69909cec22531a01219e391bfe1df73a5151c872292fed1
20180319.0,1094013.9431521627,Main,Baseline portfolio,49a0a4d1fd8f9616a69909cec22531a01219e391bfe1df73a5151c872292fed1
20180320.0,1085852.6804924752,Main,Baseline portfolio,49a0a4d1fd8f9616a69909cec22531a01219e391bfe1df73a5151c872292fed1
20180321.0,1073984.3219660844,Main,Baseline portfolio,49a0a4d1fd8f9616a69909cec22531a01219e391bfe1df73a5151c872292fed1
20180322.0,1029001.1598846143,Main,Baseline portfolio,49a0a4d1fd8f9616a69909cec22531a01219e391bfe1df73a5151c872292fed1
20180323.0,1038622.5138378957,Main,Baseline portfolio,49a0a4d1fd8f9616a69909cec22531a01219e391bfe1df73a5151c872292fed1
20180326.0,1053770.3411738973,Main,Baseline portfolio,49a0a4d1fd8f9616a69909cec22531a01219e391bfe1df73a5151c872292fed1
20180327.0,1042134.4907566677,Main,Baseline portfolio,49a0a4d1fd8f9616a69909cec22531a01219e391bfe1df73a5151c872292fed1
20180328.0,1046819.6848360997,Main,Baseline portfolio,49a0a4d1fd8f9616a69909cec22531a01219e391bfe1df73a5151c872292fed1
20180329.0,1060199.353327016,Main,Baseline portfolio,49a0a4d1fd8f9616a69909cec22531a01219e391bfe1df73a5151c872292fed1
20180330.0,1062977.3149643212,Main,Baseline portfolio,49a0a4d1fd8f9616a69909cec22531a01219e391bfe1df73a5151c872292fed1
20180402.0,1058371.4688392163,Main,Baseline portfolio,49a0a4d1fd8f9616a69909cec22531a01219e391bfe1df73a5151c872292fed1
20180403.0,1050789.9591532757,Main,Baseline portfolio,49a0a4d1fd8f9616a69909cec22531a01219e391bfe1df73a5151c872292fed1
20180404.0,1057770.9595596595,Main,Baseline portfolio,49a0a4d1fd8f9616a69909cec22531a01219e391bfe1df73a5151c872292fed1
20180409.0,1061960.6666922674,Main,Baseline portfolio,49a0a4d1fd8f9616a69909cec22531a01219e391bfe1df73a5151c872292fed1
20180410.0,1068982.4075583653,Main,Baseline portfolio,49a0a4d1fd8f9616a69909cec22531a01219e391bfe1df73a5151c872292fed1
20180411.0,1070198.06143415,Main,Baseline portfolio,49a0a4d1fd8f9616a69909cec22531a01219e391bfe1df73a5151c872292fed1
20180412.0,1070833.740353851,Main,Baseline portfolio,49a0a4d1fd8f9616a69909cec22531a01219e391bfe1df73a5151c872292fed1
20180413.0,1064177.3884610932,Main,Baseline portfolio,49a0a4d1fd8f9616a69909cec22531a01219e391bfe1df73a5151c872292fed1
20180416.0,1051874.9231698508,Main,Baseline portfolio,49a0a4d1fd8f9616a69909cec22531a01219e391bfe1df73a5151c872292fed1
20180417.0,1058044.240171376,Main,Baseline portfolio,49a0a4d1fd8f9616a69909cec22531a01219e391bfe1df73a5151c872292fed1
20180418.0,1062620.060439527,Main,Baseline portfolio,49a0a4d1fd8f9616a69909cec22531a01219e391bfe1df73a5151c872292fed1
20180419.0,1045689.7206769544,Main,Baseline portfolio,49a0a4d1fd8f9616a69909cec22531a01219e391bfe1df73a5151c872292fed1
20180420.0,1041983.5217075673,Main,Baseline portfolio,49a0a4d1fd8f9616a69909cec22531a01219e391bfe1df73a5151c872292fed1
20180423.0,1062328.1326061145,Main,Baseline portfolio,49a0a4d1fd8f9616a69909cec22531a01219e391bfe1df73a5151c872292fed1
20180424.0,1064648.5149876052,Main,Baseline portfolio,49a0a4d1fd8f9616a69909cec22531a01219e391bfe1df73a5151c872292fed1
20180425.0,1051058.4813020306,Main,Baseline portfolio,49a0a4d1fd8f9616a69909cec22531a01219e391bfe1df73a5151c872292fed1
20180426.0,1053077.5477001376,Main,Baseline portfolio,49a0a4d1fd8f9616a69909cec22531a01219e391bfe1df73a5151c872292fed1
20180427.0,1057352.029413846,Main,Baseline portfolio,49a0a4d1fd8f9616a69909cec22531a01219e391bfe1df73a5151c872292fed1
20180502.0,1061369.5756910099,Main,Baseline portfolio,49a0a4d1fd8f9616a69909cec22531a01219e391bfe1df73a5151c872292fed1
20180503.0,1060235.1230147388,Main,Baseline portfolio,49a0a4d1fd8f9616a69909cec22531a01219e391bfe1df73a5151c872292fed1
20180504.0,1076312.2716982511,Main,Baseline portfolio,49a0a4d1fd8f9616a69909cec22531a01219e391bfe1df73a5151c872292fed1
20180507.0,1081202.340159117,Main,Baseline portfolio,49a0a4d1fd8f9616a69909cec22531a01219e391bfe1df73a5151c872292fed1
20180508.0,1077525.004637132,Main,Baseline portfolio,49a0a4d1fd8f9616a69909cec22531a01219e391bfe1df73a5151c872292fed1
20180509.0,1077495.2132572066,Main,Baseline portfolio,49a0a4d1fd8f9616a69909cec22531a01219e391bfe1df73a5151c872292fed1
20180510.0,1065345.1037245218,Main,Baseline portfolio,49a0a4d1fd8f9616a69909cec22531a01219e391bfe1df73a5151c872292fed1
20180511.0,1070811.6453020822,Main,Baseline portfolio,49a0a4d1fd8f9616a69909cec22531a01219e391bfe1df73a5151c872292fed1
20180514.0,1081024.380052896,Main,Baseline portfolio,49a0a4d1fd8f9616a69909cec22531a01219e391bfe1df73a5151c872292fed1
20180515.0,1081733.873994489,Main,Baseline portfolio,49a0a4d1fd8f9616a69909cec22531a01219e391bfe1df73a5151c872292fed1
20180516.0,1077196.0525076948,Main,Baseline portfolio,49a0a4d1fd8f9616a69909cec22531a01219e391bfe1df73a5151c872292fed1
20180517.0,1084862.0421418021,Main,Baseline portfolio,49a0a4d1fd8f9616a69909cec22531a01219e391bfe1df73a5151c872292fed1
20180518.0,1098619.2460603886,Main,Baseline portfolio,49a0a4d1fd8f9616a69909cec22531a01219e391bfe1df73a5151c872292fed1
20180521.0,1114900.4709764032,Main,Baseline portfolio,49a0a4d1fd8f9616a69909cec22531a01219e391bfe1df73a5151c872292fed1
20180522.0,1105306.6511963548,Main,Baseline portfolio,49a0a4d1fd8f9616a69909cec22531a01219e391bfe1df73a5151c872292fed1
20180523.0,1109014.3046891387,Main,Baseline portfolio,49a0a4d1fd8f9616a69909cec22531a01219e391bfe1df73a5151c872292fed1
20180524.0,1093677.4574278672,Main,Baseline portfolio,49a0a4d1fd8f9616a69909cec22531a01219e391bfe1df73a5151c872292fed1
20180525.0,1107034.0246411348,Main,Baseline portfolio,49a0a4d1fd8f9616a69909cec22531a01219e391bfe1df73a5151c872292fed1
20180528.0,1098016.1420158867,Main,Baseline portfolio,49a0a4d1fd8f9616a69909cec22531a01219e391bfe1df73a5151c872292fed1
20180529.0,1063367.3404503916,Main,Baseline portfolio,49a0a4d1fd8f9616a69909cec22531a01219e391bfe1df73a5151c872292fed1
20180530.0,1082804.564536687,Main,Baseline portfolio,49a0a4d1fd8f9616a69909cec22531a01219e391bfe1df73a5151c872292fed1
20180531.0,1072492.7255042742,Main,Baseline portfolio,49a0a4d1fd8f9616a69909cec22531a01219e391bfe1df73a5151c872292fed1
20180601.0,1064709.6236115163,Main,Baseline portfolio,49a0a4d1fd8f9616a69909cec22531a01219e391bfe1df73a5151c872292fed1
20180604.0,1100675.4860862603,Main,Baseline portfolio,49a0a4d1fd8f9616a69909cec22531a01219e391bfe1df73a5151c872292fed1
20180605.0,1101573.5166906216,Main,Baseline portfolio,49a0a4d1fd8f9616a69909cec22531a01219e391bfe1df73a5151c872292fed1
20180606.0,1107642.244053473,Main,Baseline portfolio,49a0a4d1fd8f9616a69909cec22531a01219e391bfe1df73a5151c872292fed1
20180607.0,1100798.994620363,Main,Baseline portfolio,49a0a4d1fd8f9616a69909cec22531a01219e391bfe1df73a5151c872292fed1
20180608.0,1105782.0598760194,Main,Baseline portfolio,49a0a4d1fd8f9616a69909cec22531a01219e391bfe1df73a5151c872292fed1
20180611.0,1120427.1140451217,Main,Baseline portfolio,49a0a4d1fd8f9616a69909cec22531a01219e391bfe1df73a5151c872292fed1
20180612.0,1098124.8572359022,Main,Baseline portfolio,49a0a4d1fd8f9616a69909cec22531a01219e391bfe1df73a5151c872292fed1
20180613.0,1089998.9643329838,Main,Baseline portfolio,49a0a4d1fd8f9616a69909cec22531a01219e391bfe1df73a5151c872292fed1
20180614.0,1072958.010963088,Main,Baseline portfolio,49a0a4d1fd8f9616a69909cec22531a01219e391bfe1df73a5151c872292fed1
20180615.0,1006784.0548148623,Main,Baseline portfolio,49a0a4d1fd8f9616a69909cec22531a01219e391bfe1df73a5151c872292fed1
20180619.0,1017789.5418976151,Main,Baseline portfolio,49a0a4d1fd8f9616a69909cec22531a01219e391bfe1df73a5151c872292fed1
20180620.0,1003905.9007492204,Main,Baseline portfolio,49a0a4d1fd8f9616a69909cec22531a01219e391bfe1df73a5151c872292fed1
20180621.0,1030157.9989203798,Main,Baseline portfolio,49a0a4d1fd8f9616a69909cec22531a01219e391bfe1df73a5151c872292fed1
20180622.0,1014346.661339417,Main,Baseline portfolio,49a0a4d1fd8f9616a69909cec22531a01219e391bfe1df73a5151c872292fed1
20180625.0,1017674.9826877539,Main,Baseline portfolio,49a0a4d1fd8f9616a69909cec22531a01219e391bfe1df73a5151c872292fed1
20180626.0,1015893.7698100742,Main,Baseline portfolio,49a0a4d1fd8f9616a69909cec22531a01219e391bfe1df73a5151c872292fed1
20180627.0,1000082.548006554,Main,Baseline portfolio,49a0a4d1fd8f9616a69909cec22531a01219e391bfe1df73a5151c872292fed1
20180628.0,1029390.0799933607,Main,Baseline portfolio,49a0a4d1fd8f9616a69909cec22531a01219e391bfe1df73a5151c872292fed1
20180629.0,1013945.5173898466,Main,Baseline portfolio,49a0a4d1fd8f9616a69909cec22531a01219e391bfe1df73a5151c872292fed1
20180702.0,1019928.8421117194,Main,Baseline portfolio,49a0a4d1fd8f9616a69909cec22531a01219e391bfe1df73a5151c872292fed1
20180703.0,1005861.6397076733,Main,Baseline portfolio,49a0a4d1fd8f9616a69909cec22531a01219e391bfe1df73a5151c872292fed1
20180704.0,982667.0101734615,Main,Baseline portfolio,49a0a4d1fd8f9616a69909cec22531a01219e391bfe1df73a5151c872292fed1
20180705.0,994604.273508713,Main,Baseline portfolio,49a0a4d1fd8f9616a69909cec22531a01219e391bfe1df73a5151c872292fed1
20180706.0,1032775.8120401469,Main,Baseline portfolio,49a0a4d1fd8f9616a69909cec22531a01219e391bfe1df73a5151c872292fed1
20180709.0,1036422.8201195487,Main,Baseline portfolio,49a0a4d1fd8f9616a69909cec22531a01219e391bfe1df73a5151c872292fed1
20180710.0,1029740.7546513209,Main,Baseline portfolio,49a0a4d1fd8f9616a69909cec22531a01219e391bfe1df73a5151c872292fed1
20180711.0,1044785.0228436613,Main,Baseline portfolio,49a0a4d1fd8f9616a69909cec22531a01219e391bfe1df73a5151c872292fed1
20180712.0,1057096.995790572,Main,Baseline portfolio,49a0a4d1fd8f9616a69909cec22531a01219e391bfe1df73a5151c872292fed1
20180713.0,1062090.3684630464,Main,Baseline portfolio,49a0a4d1fd8f9616a69909cec22531a01219e391bfe1df73a5151c872292fed1
20180716.0,1062058.1806210543,Main,Baseline portfolio,49a0a4d1fd8f9616a69909cec22531a01219e391bfe1df73a5151c872292fed1
20180717.0,1059950.2868267773,Main,Baseline portfolio,49a0a4d1fd8f9616a69909cec22531a01219e391bfe1df73a5151c872292fed1
20180718.0,1046534.4823722411,Main,Baseline portfolio,49a0a4d1fd8f9616a69909cec22531a01219e391bfe1df73a5151c872292fed1
20180719.0,1055606.2651908742,Main,Baseline portfolio,49a0a4d1fd8f9616a69909cec22531a01219e391bfe1df73a5151c872292fed1
20180720.0,1061856.512539203,Main,Baseline portfolio,49a0a4d1fd8f9616a69909cec22531a01219e391bfe1df73a5151c872292fed1
20180723.0,1072326.3564431034,Main,Baseline portfolio,49a0a4d1fd8f9616a69909cec22531a01219e391bfe1df73a5151c872292fed1
20180724.0,1070930.4132083894,Main,Baseline portfolio,49a0a4d1fd8f9616a69909cec22531a01219e391bfe1df73a5151c872292fed1
20180725.0,1062462.002969405,Main,Baseline portfolio,49a0a4d1fd8f9616a69909cec22531a01219e391bfe1df73a5151c872292fed1
20180726.0,1064378.6254760125,Main,Baseline portfolio,49a0a4d1fd8f9616a69909cec22531a01219e391bfe1df73a5151c872292fed1
20180727.0,1054421.9337987897,Main,Baseline portfolio,49a0a4d1fd8f9616a69909cec22531a01219e391bfe1df73a5151c872292fed1
20180730.0,1057100.7156825163,Main,Baseline portfolio,49a0a4d1fd8f9616a69909cec22531a01219e391bfe1df73a5151c872292fed1
20180731.0,1043445.301598529,Main,Baseline portfolio,49a0a4d1fd8f9616a69909cec22531a01219e391bfe1df73a5151c872292fed1
20180801.0,1027505.6742479147,Main,Baseline portfolio,49a0a4d1fd8f9616a69909cec22531a01219e391bfe1df73a5151c872292fed1
20180802.0,1012803.6027616822,Main,Baseline portfolio,49a0a4d1fd8f9616a69909cec22531a01219e391bfe1df73a5151c872292fed1
20180803.0,993781.0480299409,Main,Baseline portfolio,49a0a4d1fd8f9616a69909cec22531a01219e391bfe1df73a5151c872292fed1
20180806.0,1021274.4312276825,Main,Baseline portfolio,49a0a4d1fd8f9616a69909cec22531a01219e391bfe1df73a5151c872292fed1
20180807.0,998191.6262784298,Main,Baseline portfolio,49a0a4d1fd8f9616a69909cec22531a01219e391bfe1df73a5151c872292fed1
20180808.0,1021749.6896687343,Main,Baseline portfolio,49a0a4d1fd8f9616a69909cec22531a01219e391bfe1df73a5151c872292fed1
20180809.0,1026798.0669042798,Main,Baseline portfolio,49a0a4d1fd8f9616a69909cec22531a01219e391bfe1df73a5151c872292fed1
20180810.0,1030427.0005026152,Main,Baseline portfolio,49a0a4d1fd8f9616a69909cec22531a01219e391bfe1df73a5151c872292fed1
20180813.0,1026758.4167073398,Main,Baseline portfolio,49a0a4d1fd8f9616a69909cec22531a01219e391bfe1df73a5151c872292fed1
20180814.0,1008857.8868654068,Main,Baseline portfolio,49a0a4d1fd8f9616a69909cec22531a01219e391bfe1df73a5151c872292fed1
20180815.0,998092.5155479568,Main,Baseline portfolio,49a0a4d1fd8f9616a69909cec22531a01219e391bfe1df73a5151c872292fed1
20180816.0,983787.6225583169,Main,Baseline portfolio,49a0a4d1fd8f9616a69909cec22531a01219e391bfe1df73a5151c872292fed1
20180817.0,991674.8019229906,Main,Baseline portfolio,49a0a4d1fd8f9616a69909cec22531a01219e391bfe1df73a5151c872292fed1
20180820.0,1006661.3565213282,Main,Baseline portfolio,49a0a4d1fd8f9616a69909cec22531a01219e391bfe1df73a5151c872292fed1
20180821.0,1000457.4821196421,Main,Baseline portfolio,49a0a4d1fd8f9616a69909cec22531a01219e391bfe1df73a5151c872292fed1
20180822.0,1001383.0887141542,Main,Baseline portfolio,49a0a4d1fd8f9616a69909cec22531a01219e391bfe1df73a5151c872292fed1
20180823.0,999978.8434609346,Main,Baseline portfolio,49a0a4d1fd8f9616a69909cec22531a01219e391bfe1df73a5151c872292fed1
20180824.0,1015378.9053065645,Main,Baseline portfolio,49a0a4d1fd8f9616a69909cec22531a01219e391bfe1df73a5151c872292fed1
20180827.0,1014836.7304259038,Main,Baseline portfolio,49a0a4d1fd8f9616a69909cec22531a01219e391bfe1df73a5151c872292fed1
20180828.0,1010401.8890947937,Main,Baseline portfolio,49a0a4d1fd8f9616a69909cec22531a01219e391bfe1df73a5151c872292fed1
20180829.0,1000496.8262973517,Main,Baseline portfolio,49a0a4d1fd8f9616a69909cec22531a01219e391bfe1df73a5151c872292fed1
20180830.0,993326.2865290418,Main,Baseline portfolio,49a0a4d1fd8f9616a69909cec22531a01219e391bfe1df73a5151c872292fed1
20180831.0,990672.5462279525,Main,Baseline portfolio,49a0a4d1fd8f9616a69909cec22531a01219e391bfe1df73a5151c872292fed1
20180903.0,997578.9626849742,Main,Baseline portfolio,49a0a4d1fd8f9616a69909cec22531a01219e391bfe1df73a5151c872292fed1
20180904.0,981017.0596940892,Main,Baseline portfolio,49a0a4d1fd8f9616a69909cec22531a01219e391bfe1df73a5151c872292fed1
20180905.0,966156.1003444383,Main,Baseline portfolio,49a0a4d1fd8f9616a69909cec22531a01219e391bfe1df73a5151c872292fed1
20180906.0,965338.2539319958,Main,Baseline portfolio,49a0a4d1fd8f9616a69909cec22531a01219e391bfe1df73a5151c872292fed1
20180907.0,951622.3682519353,Main,Baseline portfolio,49a0a4d1fd8f9616a69909cec22531a01219e391bfe1df73a5151c872292fed1
20180910.0,948363.1920337827,Main,Baseline portfolio,49a0a4d1fd8f9616a69909cec22531a01219e391bfe1df73a5151c872292fed1
20180911.0,944034.6939461918,Main,Baseline portfolio,49a0a4d1fd8f9616a69909cec22531a01219e391bfe1df73a5151c872292fed1
20180912.0,954177.7489148541,Main,Baseline portfolio,49a0a4d1fd8f9616a69909cec22531a01219e391bfe1df73a5151c872292fed1
20180913.0,953008.2663576317,Main,Baseline portfolio,49a0a4d1fd8f9616a69909cec22531a01219e391bfe1df73a5151c872292fed1
20180914.0,941329.7216733687,Main,Baseline portfolio,49a0a4d1fd8f9616a69909cec22531a01219e391bfe1df73a5151c872292fed1
20180917.0,954136.4981879784,Main,Baseline portfolio,49a0a4d1fd8f9616a69909cec22531a01219e391bfe1df73a5151c872292fed1
20180918.0,971124.8282415579,Main,Baseline portfolio,49a0a4d1fd8f9616a69909cec22531a01219e391bfe1df73a5151c872292fed1
20180919.0,966654.480719688,Main,Baseline portfolio,49a0a4d1fd8f9616a69909cec22531a01219e391bfe1df73a5151c872292fed1
20180920.0,982890.1228776636,Main,Baseline portfolio,49a0a4d1fd8f9616a69909cec22531a01219e391bfe1df73a5151c872292fed1
20180921.0,982599.1863571135,Main,Baseline portfolio,49a0a4d1fd8f9616a69909cec22531a01219e391bfe1df73a5151c872292fed1
20180925.0,996511.4479109693,Main,Baseline portfolio,49a0a4d1fd8f9616a69909cec22531a01219e391bfe1df73a5151c872292fed1
20180926.0,984895.6956113393,Main,Baseline portfolio,49a0a4d1fd8f9616a69909cec22531a01219e391bfe1df73a5151c872292fed1
20180927.0,994268.7098726466,Main,Baseline portfolio,49a0a4d1fd8f9616a69909cec22531a01219e391bfe1df73a5151c872292fed1
20180928.0,946294.3701538141,Main,Baseline portfolio,49a0a4d1fd8f9616a69909cec22531a01219e391bfe1df73a5151c872292fed1
20181008.0,944276.4163880127,Main,Baseline portfolio,49a0a4d1fd8f9616a69909cec22531a01219e391bfe1df73a5151c872292fed1
20181009.0,944740.4192262298,Main,Baseline portfolio,49a0a4d1fd8f9616a69909cec22531a01219e391bfe1df73a5151c872292fed1
20181010.0,887945.8028786753,Main,Baseline portfolio,49a0a4d1fd8f9616a69909cec22531a01219e391bfe1df73a5151c872292fed1
20181011.0,899252.3514158125,Main,Baseline portfolio,49a0a4d1fd8f9616a69909cec22531a01219e391bfe1df73a5151c872292fed1
20181012.0,880542.8231174396,Main,Baseline portfolio,49a0a4d1fd8f9616a69909cec22531a01219e391bfe1df73a5151c872292fed1
20181015.0,855699.8056458966,Main,Baseline portfolio,49a0a4d1fd8f9616a69909cec22531a01219e391bfe1df73a5151c872292fed1
20181016.0,857156.0592548312,Main,Baseline portfolio,49a0a4d1fd8f9616a69909cec22531a01219e391bfe1df73a5151c872292fed1
20181017.0,837706.2702427352,Main,Baseline portfolio,49a0a4d1fd8f9616a69909cec22531a01219e391bfe1df73a5151c872292fed1
20181018.0,860339.2864783534,Main,Baseline portfolio,49a0a4d1fd8f9616a69909cec22531a01219e391bfe1df73a5151c872292fed1
20181019.0,903303.6912038538,Main,Baseline portfolio,49a0a4d1fd8f9616a69909cec22531a01219e391bfe1df73a5151c872292fed1
20181022.0,886933.1346703281,Main,Baseline portfolio,49a0a4d1fd8f9616a69909cec22531a01219e391bfe1df73a5151c872292fed1
20181023.0,884658.7661138021,Main,Baseline portfolio,49a0a4d1fd8f9616a69909cec22531a01219e391bfe1df73a5151c872292fed1
20181024.0,882369.0215269597,Main,Baseline portfolio,49a0a4d1fd8f9616a69909cec22531a01219e391bfe1df73a5151c872292fed1
20181025.0,879237.9317373974,Main,Baseline portfolio,49a0a4d1fd8f9616a69909cec22531a01219e391bfe1df73a5151c872292fed1
20181026.0,867202.6821940895,Main,Baseline portfolio,49a0a4d1fd8f9616a69909cec22531a01219e391bfe1df73a5151c872292fed1
20181029.0,870874.6330069824,Main,Baseline portfolio,49a0a4d1fd8f9616a69909cec22531a01219e391bfe1df73a5151c872292fed1
20181030.0,877900.5777328736,Main,Baseline portfolio,49a0a4d1fd8f9616a69909cec22531a01219e391bfe1df73a5151c872292fed1
20181031.0,880639.2938400899,Main,Baseline portfolio,49a0a4d1fd8f9616a69909cec22531a01219e391bfe1df73a5151c872292fed1
20181101.0,901544.833247415,Main,Baseline portfolio,49a0a4d1fd8f9616a69909cec22531a01219e391bfe1df73a5151c872292fed1
20181102.0,901747.6900381339,Main,Baseline portfolio,49a0a4d1fd8f9616a69909cec22531a01219e391bfe1df73a5151c872292fed1
20181105.0,900353.2919133446,Main,Baseline portfolio,49a0a4d1fd8f9616a69909cec22531a01219e391bfe1df73a5151c872292fed1
20181106.0,892849.8923001974,Main,Baseline portfolio,49a0a4d1fd8f9616a69909cec22531a01219e391bfe1df73a5151c872292fed1
20181107.0,886588.2123072875,Main,Baseline portfolio,49a0a4d1fd8f9616a69909cec22531a01219e391bfe1df73a5151c872292fed1
20181108.0,882457.0687101341,Main,Baseline portfolio,49a0a4d1fd8f9616a69909cec22531a01219e391bfe1df73a5151c872292fed1
20181109.0,901548.8720563353,Main,Baseline portfolio,49a0a4d1fd8f9616a69909cec22531a01219e391bfe1df73a5151c872292fed1
20181112.0,906275.3279466463,Main,Baseline portfolio,49a0a4d1fd8f9616a69909cec22531a01219e391bfe1df73a5151c872292fed1
20181113.0,901278.9050574956,Main,Baseline portfolio,49a0a4d1fd8f9616a69909cec22531a01219e391bfe1df73a5151c872292fed1
20181114.0,913982.6679628857,Main,Baseline portfolio,49a0a4d1fd8f9616a69909cec22531a01219e391bfe1df73a5151c872292fed1
20181115.0,925268.2735799183,Main,Baseline portfolio,49a0a4d1fd8f9616a69909cec22531a01219e391bfe1df73a5151c872292fed1
20181116.0,926479.9403385397,Main,Baseline portfolio,49a0a4d1fd8f9616a69909cec22531a01219e391bfe1df73a5151c872292fed1
20181119.0,904002.0767583197,Main,Baseline portfolio,49a0a4d1fd8f9616a69909cec22531a01219e391bfe1df73a5151c872292fed1
20181120.0,906866.3079063488,Main,Baseline portfolio,49a0a4d1fd8f9616a69909cec22531a01219e391bfe1df73a5151c872292fed1
20181121.0,909816.2149663948,Main,Baseline portfolio,49a0a4d1fd8f9616a69909cec22531a01219e391bfe1df73a5151c872292fed1
20181122.0,879782.0148802084,Main,Baseline portfolio,49a0a4d1fd8f9616a69909cec22531a01219e391bfe1df73a5151c872292fed1
20181123.0,870744.6769087313,Main,Baseline portfolio,49a0a4d1fd8f9616a69909cec22531a01219e391bfe1df73a5151c872292fed1
20181126.0,870497.0262386474,Main,Baseline portfolio,49a0a4d1fd8f9616a69909cec22531a01219e391bfe1df73a5151c872292fed1
20181127.0,872065.7524436234,Main,Baseline portfolio,49a0a4d1fd8f9616a69909cec22531a01219e391bfe1df73a5151c872292fed1
20181128.0,862148.7175129779,Main,Baseline portfolio,49a0a4d1fd8f9616a69909cec22531a01219e391bfe1df73a5151c872292fed1
20181129.0,870591.420323076,Main,Baseline portfolio,49a0a4d1fd8f9616a69909cec22531a01219e391bfe1df73a5151c872292fed1
20181130.0,897199.7515778348,Main,Baseline portfolio,49a0a4d1fd8f9616a69909cec22531a01219e391bfe1df73a5151c872292fed1
20181203.0,899524.5894259695,Main,Baseline portfolio,49a0a4d1fd8f9616a69909cec22531a01219e391bfe1df73a5151c872292fed1
20181204.0,896742.0182543879,Main,Baseline portfolio,49a0a4d1fd8f9616a69909cec22531a01219e391bfe1df73a5151c872292fed1
20181205.0,877235.063298767,Main,Baseline portfolio,49a0a4d1fd8f9616a69909cec22531a01219e391bfe1df73a5151c872292fed1
20181206.0,878067.3350364184,Main,Baseline portfolio,49a0a4d1fd8f9616a69909cec22531a01219e391bfe1df73a5151c872292fed1
20181207.0,868825.4550020503,Main,Baseline portfolio,49a0a4d1fd8f9616a69909cec22531a01219e391bfe1df73a5151c872292fed1
20181210.0,874375.0488075136,Main,Baseline portfolio,49a0a4d1fd8f9616a69909cec22531a01219e391bfe1df73a5151c872292fed1
20181211.0,877183.6762517637,Main,Baseline portfolio,49a0a4d1fd8f9616a69909cec22531a01219e391bfe1df73a5151c872292fed1
20181212.0,889840.2249347362,Main,Baseline portfolio,49a0a4d1fd8f9616a69909cec22531a01219e391bfe1df73a5151c872292fed1
20181213.0,873941.2501779264,Main,Baseline portfolio,49a0a4d1fd8f9616a69909cec22531a01219e391bfe1df73a5151c872292fed1
20181214.0,867071.3637711896,Main,Baseline portfolio,49a0a4d1fd8f9616a69909cec22531a01219e391bfe1df73a5151c872292fed1
20181217.0,859100.5163111379,Main,Baseline portfolio,49a0a4d1fd8f9616a69909cec22531a01219e391bfe1df73a5151c872292fed1
20181218.0,843888.6470203863,Main,Baseline portfolio,49a0a4d1fd8f9616a69909cec22531a01219e391bfe1df73a5151c872292fed1
20181219.0,843236.8897476742,Main,Baseline portfolio,49a0a4d1fd8f9616a69909cec22531a01219e391bfe1df73a5151c872292fed1
20181220.0,834310.0539389157,Main,Baseline portfolio,49a0a4d1fd8f9616a69909cec22531a01219e391bfe1df73a5151c872292fed1
20181221.0,843902.574170073,Main,Baseline portfolio,49a0a4d1fd8f9616a69909cec22531a01219e391bfe1df73a5151c872292fed1
20181224.0,842887.6071396425,Main,Baseline portfolio,49a0a4d1fd8f9616a69909cec22531a01219e391bfe1df73a5151c872292fed1
20181225.0,838460.8690203434,Main,Baseline portfolio,49a0a4d1fd8f9616a69909cec22531a01219e391bfe1df73a5151c872292fed1
20181226.0,831783.4616544753,Main,Baseline portfolio,49a0a4d1fd8f9616a69909cec22531a01219e391bfe1df73a5151c872292fed1
20181227.0,837160.3932045384,Main,Baseline portfolio,49a0a4d1fd8f9616a69909cec22531a01219e391bfe1df73a5151c872292fed1
20181228.0,830977.3831273026,Main,Baseline portfolio,49a0a4d1fd8f9616a69909cec22531a01219e391bfe1df73a5151c872292fed1
20190102.0,828164.6811030337,Main,Baseline portfolio,49a0a4d1fd8f9616a69909cec22531a01219e391bfe1df73a5151c872292fed1
20190103.0,846322.9462434213,Main,Baseline portfolio,49a0a4d1fd8f9616a69909cec22531a01219e391bfe1df73a5151c872292fed1
20190104.0,863525.1170317342,Main,Baseline portfolio,49a0a4d1fd8f9616a69909cec22531a01219e391bfe1df73a5151c872292fed1
20190107.0,859600.6336503162,Main,Baseline portfolio,49a0a4d1fd8f9616a69909cec22531a01219e391bfe1df73a5151c872292fed1
20190108.0,863005.7114124711,Main,Baseline portfolio,49a0a4d1fd8f9616a69909cec22531a01219e391bfe1df73a5151c872292fed1
20190109.0,861156.5875578839,Main,Baseline portfolio,49a0a4d1fd8f9616a69909cec22531a01219e391bfe1df73a5151c872292fed1
20190110.0,864216.909821612,Main,Baseline portfolio,49a0a4d1fd8f9616a69909cec22531a01219e391bfe1df73a5151c872292fed1
20190111.0,856787.0335195677,Main,Baseline portfolio,49a0a4d1fd8f9616a69909cec22531a01219e391bfe1df73a5151c872292fed1
20190114.0,868386.5559176459,Main,Baseline portfolio,49a0a4d1fd8f9616a69909cec22531a01219e391bfe1df73a5151c872292fed1
20190115.0,873833.2624715162,Main,Baseline portfolio,49a0a4d1fd8f9616a69909cec22531a01219e391bfe1df73a5151c872292fed1
20190116.0,867902.9648259358,Main,Baseline portfolio,49a0a4d1fd8f9616a69909cec22531a01219e391bfe1df73a5151c872292fed1
20190117.0,874299.7313994874,Main,Baseline portfolio,49a0a4d1fd8f9616a69909cec22531a01219e391bfe1df73a5151c872292fed1
20190118.0,875964.0639764554,Main,Baseline portfolio,49a0a4d1fd8f9616a69909cec22531a01219e391bfe1df73a5151c872292fed1
20190121.0,865305.7653306401,Main,Baseline portfolio,49a0a4d1fd8f9616a69909cec22531a01219e391bfe1df73a5151c872292fed1
20190122.0,875019.2984823945,Main,Baseline portfolio,49a0a4d1fd8f9616a69909cec22531a01219e391bfe1df73a5151c872292fed1
20190123.0,880739.7922876523,Main,Baseline portfolio,49a0a4d1fd8f9616a69909cec22531a01219e391bfe1df73a5151c872292fed1
20190124.0,888531.1955943343,Main,Baseline portfolio,49a0a4d1fd8f9616a69909cec22531a01219e391bfe1df73a5151c872292fed1
20190125.0,888869.1245564921,Main,Baseline portfolio,49a0a4d1fd8f9616a69909cec22531a01219e391bfe1df73a5151c872292fed1
20190128.0,891329.2025490825,Main,Baseline portfolio,49a0a4d1fd8f9616a69909cec22531a01219e391bfe1df73a5151c872292fed1
20190129.0,882517.3825103171,Main,Baseline portfolio,49a0a4d1fd8f9616a69909cec22531a01219e391bfe1df73a5151c872292fed1
20190130.0,874706.5317169724,Main,Baseline portfolio,49a0a4d1fd8f9616a69909cec22531a01219e391bfe1df73a5151c872292fed1
20190131.0,894565.7519856511,Main,Baseline portfolio,49a0a4d1fd8f9616a69909cec22531a01219e391bfe1df73a5151c872292fed1
20190201.0,918696.7346592131,Main,Baseline portfolio,49a0a4d1fd8f9616a69909cec22531a01219e391bfe1df73a5151c872292fed1
20190211.0,927198.8731142216,Main,Baseline portfolio,49a0a4d1fd8f9616a69909cec22531a01219e391bfe1df73a5151c872292fed1
20190212.0,940765.9558615254,Main,Baseline portfolio,49a0a4d1fd8f9616a69909cec22531a01219e391bfe1df73a5151c872292fed1
20190213.0,940049.158670799,Main,Baseline portfolio,49a0a4d1fd8f9616a69909cec22531a01219e391bfe1df73a5151c872292fed1
20190214.0,931789.1135686353,Main,Baseline portfolio,49a0a4d1fd8f9616a69909cec22531a01219e391bfe1df73a5151c872292fed1
20190215.0,961927.311221157,Main,Baseline portfolio,49a0a4d1fd8f9616a69909cec22531a01219e391bfe1df73a5151c872292fed1
20190218.0,961517.4883970015,Main,Baseline portfolio,49a0a4d1fd8f9616a69909cec22531a01219e391bfe1df73a5151c872292fed1
20190219.0,963088.8150096869,Main,Baseline portfolio,49a0a4d1fd8f9616a69909cec22531a01219e391bfe1df73a5151c872292fed1
20190220.0,969917.1611955599,Main,Baseline portfolio,49a0a4d1fd8f9616a69909cec22531a01219e391bfe1df73a5151c872292fed1
20190221.0,989912.8264397474,Main,Baseline portfolio,49a0a4d1fd8f9616a69909cec22531a01219e391bfe1df73a5151c872292fed1
20190222.0,1034481.8420292817,Main,Baseline portfolio,49a0a4d1fd8f9616a69909cec22531a01219e391bfe1df73a5151c872292fed1
20190225.0,1029625.8195930152,Main,Baseline portfolio,49a0a4d1fd8f9616a69909cec22531a01219e391bfe1df73a5151c872292fed1
20190226.0,1019650.7636384482,Main,Baseline portfolio,49a0a4d1fd8f9616a69909cec22531a01219e391bfe1df73a5151c872292fed1
20190227.0,1025978.4862485278,Main,Baseline portfolio,49a0a4d1fd8f9616a69909cec22531a01219e391bfe1df73a5151c872292fed1
20190228.0,1031127.4927228655,Main,Baseline portfolio,49a0a4d1fd8f9616a69909cec22531a01219e391bfe1df73a5151c872292fed1
20190301.0,1047478.9788273348,Main,Baseline portfolio,49a0a4d1fd8f9616a69909cec22531a01219e391bfe1df73a5151c872292fed1
20190304.0,1076520.6886275897,Main,Baseline portfolio,49a0a4d1fd8f9616a69909cec22531a01219e391bfe1df73a5151c872292fed1
20190305.0,1089101.9890264063,Main,Baseline portfolio,49a0a4d1fd8f9616a69909cec22531a01219e391bfe1df73a5151c872292fed1
20190306.0,1096429.1548163125,Main,Baseline portfolio,49a0a4d1fd8f9616a69909cec22531a01219e391bfe1df73a5151c872292fed1
20190307.0,1076343.8867996116,Main,Baseline portfolio,49a0a4d1fd8f9616a69909cec22531a01219e391bfe1df73a5151c872292fed1
20190308.0,1108470.6345765635,Main,Baseline portfolio,49a0a4d1fd8f9616a69909cec22531a01219e391bfe1df73a5151c872292fed1
20190311.0,1122333.5646620297,Main,Baseline portfolio,49a0a4d1fd8f9616a69909cec22531a01219e391bfe1df73a5151c872292fed1
20190312.0,1109993.6737331147,Main,Baseline portfolio,49a0a4d1fd8f9616a69909cec22531a01219e391bfe1df73a5151c872292fed1
20190313.0,1099338.8869022904,Main,Baseline portfolio,49a0a4d1fd8f9616a69909cec22531a01219e391bfe1df73a5151c872292fed1
20190314.0,1112378.750816328,Main,Baseline portfolio,49a0a4d1fd8f9616a69909cec22531a01219e391bfe1df73a5151c872292fed1
20190315.0,1152570.5292394247,Main,Baseline portfolio,49a0a4d1fd8f9616a69909cec22531a01219e391bfe1df73a5151c872292fed1
20190318.0,1155490.0965637213,Main,Baseline portfolio,49a0a4d1fd8f9616a69909cec22531a01219e391bfe1df73a5151c872292fed1
20190319.0,1158037.7032096998,Main,Baseline portfolio,49a0a4d1fd8f9616a69909cec22531a01219e391bfe1df73a5151c872292fed1
20190320.0,1157811.0290140181,Main,Baseline portfolio,49a0a4d1fd8f9616a69909cec22531a01219e391bfe1df73a5151c872292fed1
20190321.0,1163357.5250423593,Main,Baseline portfolio,49a0a4d1fd8f9616a69909cec22531a01219e391bfe1df73a5151c872292fed1
20190322.0,1155368.2697750623,Main,Baseline portfolio,49a0a4d1fd8f9616a69909cec22531a01219e391bfe1df73a5151c872292fed1
20190325.0,1135276.224293993,Main,Baseline portfolio,49a0a4d1fd8f9616a69909cec22531a01219e391bfe1df73a5151c872292fed1
20190326.0,1159528.3112807893,Main,Baseline portfolio,49a0a4d1fd8f9616a69909cec22531a01219e391bfe1df73a5151c872292fed1
20190327.0,1150371.7625467293,Main,Baseline portfolio,49a0a4d1fd8f9616a69909cec22531a01219e391bfe1df73a5151c872292fed1
20190328.0,1178914.6130420703,Main,Baseline portfolio,49a0a4d1fd8f9616a69909cec22531a01219e391bfe1df73a5151c872292fed1
20190329.0,1201671.896461368,Main,Baseline portfolio,49a0a4d1fd8f9616a69909cec22531a01219e391bfe1df73a5151c872292fed1
20190401.0,1200466.2423709515,Main,Baseline portfolio,49a0a4d1fd8f9616a69909cec22531a01219e391bfe1df73a5151c872292fed1
20190402.0,1216348.0569761232,Main,Baseline portfolio,49a0a4d1fd8f9616a69909cec22531a01219e391bfe1df73a5151c872292fed1
20190403.0,1228717.3785510685,Main,Baseline portfolio,49a0a4d1fd8f9616a69909cec22531a01219e391bfe1df73a5151c872292fed1
20190404.0,1224040.5453361175,Main,Baseline portfolio,49a0a4d1fd8f9616a69909cec22531a01219e391bfe1df73a5151c872292fed1
20190408.0,1221881.9091807182,Main,Baseline portfolio,49a0a4d1fd8f9616a69909cec22531a01219e391bfe1df73a5151c872292fed1
20190409.0,1230456.4327205548,Main,Baseline portfolio,49a0a4d1fd8f9616a69909cec22531a01219e391bfe1df73a5151c872292fed1
20190410.0,1210082.6942730583,Main,Baseline portfolio,49a0a4d1fd8f9616a69909cec22531a01219e391bfe1df73a5151c872292fed1
20190411.0,1199433.5369062526,Main,Baseline portfolio,49a0a4d1fd8f9616a69909cec22531a01219e391bfe1df73a5151c872292fed1
20190412.0,1191016.7164507494,Main,Baseline portfolio,49a0a4d1fd8f9616a69909cec22531a01219e391bfe1df73a5151c872292fed1
20190415.0,1209877.9574340167,Main,Baseline portfolio,49a0a4d1fd8f9616a69909cec22531a01219e391bfe1df73a5151c872292fed1
20190416.0,1214649.1438233515,Main,Baseline portfolio,49a0a4d1fd8f9616a69909cec22531a01219e391bfe1df73a5151c872292fed1
20190417.0,1208673.0733794735,Main,Baseline portfolio,49a0a4d1fd8f9616a69909cec22531a01219e391bfe1df73a5151c872292fed1
20190418.0,1215433.43311646,Main,Baseline portfolio,49a0a4d1fd8f9616a69909cec22531a01219e391bfe1df73a5151c872292fed1
20190419.0,1203611.8668142897,Main,Baseline portfolio,49a0a4d1fd8f9616a69909cec22531a01219e391bfe1df73a5151c872292fed1
20190422.0,1190460.5922523984,Main,Baseline portfolio,49a0a4d1fd8f9616a69909cec22531a01219e391bfe1df73a5151c872292fed1
20190423.0,1194408.9978329835,Main,Baseline portfolio,49a0a4d1fd8f9616a69909cec22531a01219e391bfe1df73a5151c872292fed1
20190424.0,1160120.0463633381,Main,Baseline portfolio,49a0a4d1fd8f9616a69909cec22531a01219e391bfe1df73a5151c872292fed1
20190425.0,1147996.4115747907,Main,Baseline portfolio,49a0a4d1fd8f9616a69909cec22531a01219e391bfe1df73a5151c872292fed1
20190426.0,1141027.9017306266,Main,Baseline portfolio,49a0a4d1fd8f9616a69909cec22531a01219e391bfe1df73a5151c872292fed1
20190429.0,1146133.8870606245,Main,Baseline portfolio,49a0a4d1fd8f9616a69909cec22531a01219e391bfe1df73a5151c872292fed1
20190430.0,1101563.9383996248,Main,Baseline portfolio,49a0a4d1fd8f9616a69909cec22531a01219e391bfe1df73a5151c872292fed1
20190506.0,1118312.0707670478,Main,Baseline portfolio,49a0a4d1fd8f9616a69909cec22531a01219e391bfe1df73a5151c872292fed1
20190507.0,1112141.568079564,Main,Baseline portfolio,49a0a4d1fd8f9616a69909cec22531a01219e391bfe1df73a5151c872292fed1
20190508.0,1095912.7963908128,Main,Baseline portfolio,49a0a4d1fd8f9616a69909cec22531a01219e391bfe1df73a5151c872292fed1
20190509.0,1126211.603050787,Main,Baseline portfolio,49a0a4d1fd8f9616a69909cec22531a01219e391bfe1df73a5151c872292fed1
20190510.0,1109028.2568282068,Main,Baseline portfolio,49a0a4d1fd8f9616a69909cec22531a01219e391bfe1df73a5151c872292fed1
20190513.0,1101111.100779242,Main,Baseline portfolio,49a0a4d1fd8f9616a69909cec22531a01219e391bfe1df73a5151c872292fed1
20190514.0,1129857.0949394344,Main,Baseline portfolio,49a0a4d1fd8f9616a69909cec22531a01219e391bfe1df73a5151c872292fed1
20190515.0,1135886.6079081644,Main,Baseline portfolio,49a0a4d1fd8f9616a69909cec22531a01219e391bfe1df73a5151c872292fed1
20190516.0,1101305.1463926933,Main,Baseline portfolio,49a0a4d1fd8f9616a69909cec22531a01219e391bfe1df73a5151c872292fed1
20190517.0,1089976.6582821156,Main,Baseline portfolio,49a0a4d1fd8f9616a69909cec22531a01219e391bfe1df73a5151c872292fed1
20190520.0,1100483.4651169735,Main,Baseline portfolio,49a0a4d1fd8f9616a69909cec22531a01219e391bfe1df73a5151c872292fed1
20190521.0,1101344.2528689373,Main,Baseline portfolio,49a0a4d1fd8f9616a69909cec22531a01219e391bfe1df73a5151c872292fed1
20190522.0,1083603.697424942,Main,Baseline portfolio,49a0a4d1fd8f9616a69909cec22531a01219e391bfe1df73a5151c872292fed1
20190523.0,1084901.8265559273,Main,Baseline portfolio,49a0a4d1fd8f9616a69909cec22531a01219e391bfe1df73a5151c872292fed1
20190524.0,1113659.2865119444,Main,Baseline portfolio,49a0a4d1fd8f9616a69909cec22531a01219e391bfe1df73a5151c872292fed1
20190527.0,1113706.0711788908,Main,Baseline portfolio,49a0a4d1fd8f9616a69909cec22531a01219e391bfe1df73a5151c872292fed1
20190528.0,1117142.1694360655,Main,Baseline portfolio,49a0a4d1fd8f9616a69909cec22531a01219e391bfe1df73a5151c872292fed1
20190529.0,1116392.6304047587,Main,Baseline portfolio,49a0a4d1fd8f9616a69909cec22531a01219e391bfe1df73a5151c872292fed1
20190530.0,1122705.0392564607,Main,Baseline portfolio,49a0a4d1fd8f9616a69909cec22531a01219e391bfe1df73a5151c872292fed1
20190531.0,1106083.5759760214,Main,Baseline portfolio,49a0a4d1fd8f9616a69909cec22531a01219e391bfe1df73a5151c872292fed1
20190603.0,1090305.6672422562,Main,Baseline portfolio,49a0a4d1fd8f9616a69909cec22531a01219e391bfe1df73a5151c872292fed1
20190604.0,1088455.9549279094,Main,Baseline portfolio,49a0a4d1fd8f9616a69909cec22531a01219e391bfe1df73a5151c872292fed1
20190605.0,1066657.2754803398,Main,Baseline portfolio,49a0a4d1fd8f9616a69909cec22531a01219e391bfe1df73a5151c872292fed1
20190606.0,1079968.0117546802,Main,Baseline portfolio,49a0a4d1fd8f9616a69909cec22531a01219e391bfe1df73a5151c872292fed1
20190610.0,1108872.101272125,Main,Baseline portfolio,49a0a4d1fd8f9616a69909cec22531a01219e391bfe1df73a5151c872292fed1
20190611.0,1100676.1170682784,Main,Baseline portfolio,49a0a4d1fd8f9616a69909cec22531a01219e391bfe1df73a5151c872292fed1
20190612.0,1098783.0696300366,Main,Baseline portfolio,49a0a4d1fd8f9616a69909cec22531a01219e391bfe1df73a5151c872292fed1
20190613.0,1090978.69491696,Main,Baseline portfolio,49a0a4d1fd8f9616a69909cec22531a01219e391bfe1df73a5151c872292fed1
20190614.0,1093424.857448448,Main,Baseline portfolio,49a0a4d1fd8f9616a69909cec22531a01219e391bfe1df73a5151c872292fed1
20190617.0,1102775.0711108614,Main,Baseline portfolio,49a0a4d1fd8f9616a69909cec22531a01219e391bfe1df73a5151c872292fed1
20190618.0,1121064.386844353,Main,Baseline portfolio,49a0a4d1fd8f9616a69909cec22531a01219e391bfe1df73a5151c872292fed1
20190619.0,1140481.124268385,Main,Baseline portfolio,49a0a4d1fd8f9616a69909cec22531a01219e391bfe1df73a5151c872292fed1
20190620.0,1167837.0621090268,Main,Baseline portfolio,49a0a4d1fd8f9616a69909cec22531a01219e391bfe1df73a5151c872292fed1
20190621.0,1167750.923994112,Main,Baseline portfolio,49a0a4d1fd8f9616a69909cec22531a01219e391bfe1df73a5151c872292fed1
20190624.0,1157392.0681352867,Main,Baseline portfolio,49a0a4d1fd8f9616a69909cec22531a01219e391bfe1df73a5151c872292fed1
20190625.0,1158069.9334731877,Main,Baseline portfolio,49a0a4d1fd8f9616a69909cec22531a01219e391bfe1df73a5151c872292fed1
20190626.0,1173209.3260849465,Main,Baseline portfolio,49a0a4d1fd8f9616a69909cec22531a01219e391bfe1df73a5151c872292fed1
20190627.0,1173282.2538828335,Main,Baseline portfolio,49a0a4d1fd8f9616a69909cec22531a01219e391bfe1df73a5151c872292fed1
20190628.0,1211868.616138745,Main,Baseline portfolio,49a0a4d1fd8f9616a69909cec22531a01219e391bfe1df73a5151c872292fed1
20190701.0,1212713.1277386383,Main,Baseline portfolio,49a0a4d1fd8f9616a69909cec22531a01219e391bfe1df73a5151c872292fed1
20190702.0,1205866.4750129962,Main,Baseline portfolio,49a0a4d1fd8f9616a69909cec22531a01219e391bfe1df73a5151c872292fed1
20190703.0,1201051.7273861188,Main,Baseline portfolio,49a0a4d1fd8f9616a69909cec22531a01219e391bfe1df73a5151c872292fed1
20190704.0,1211261.1358278345,Main,Baseline portfolio,49a0a4d1fd8f9616a69909cec22531a01219e391bfe1df73a5151c872292fed1
20190705.0,1188090.9003689962,Main,Baseline portfolio,49a0a4d1fd8f9616a69909cec22531a01219e391bfe1df73a5151c872292fed1
20190708.0,1191340.0249084935,Main,Baseline portfolio,49a0a4d1fd8f9616a69909cec22531a01219e391bfe1df73a5151c872292fed1
20190709.0,1180696.6523832658,Main,Baseline portfolio,49a0a4d1fd8f9616a69909cec22531a01219e391bfe1df73a5151c872292fed1
20190710.0,1174783.3062077889,Main,Baseline portfolio,49a0a4d1fd8f9616a69909cec22531a01219e391bfe1df73a5151c872292fed1
20190711.0,1181475.413580597,Main,Baseline portfolio,49a0a4d1fd8f9616a69909cec22531a01219e391bfe1df73a5151c872292fed1
20190712.0,1195960.5612664672,Main,Baseline portfolio,49a0a4d1fd8f9616a69909cec22531a01219e391bfe1df73a5151c872292fed1
20190715.0,1204062.9109423347,Main,Baseline portfolio,49a0a4d1fd8f9616a69909cec22531a01219e391bfe1df73a5151c872292fed1
20190716.0,1203845.3300621614,Main,Baseline portfolio,49a0a4d1fd8f9616a69909cec22531a01219e391bfe1df73a5151c872292fed1
20190717.0,1200382.0672328498,Main,Baseline portfolio,49a0a4d1fd8f9616a69909cec22531a01219e391bfe1df73a5151c872292fed1
20190718.0,1196880.6069162493,Main,Baseline portfolio,49a0a4d1fd8f9616a69909cec22531a01219e391bfe1df73a5151c872292fed1
20190719.0,1188366.0755390036,Main,Baseline portfolio,49a0a4d1fd8f9616a69909cec22531a01219e391bfe1df73a5151c872292fed1
20190722.0,1204553.2855442327,Main,Baseline portfolio,49a0a4d1fd8f9616a69909cec22531a01219e391bfe1df73a5151c872292fed1
20190723.0,1225967.7246495977,Main,Baseline portfolio,49a0a4d1fd8f9616a69909cec22531a01219e391bfe1df73a5151c872292fed1
20190724.0,1243029.016156126,Main,Baseline portfolio,49a0a4d1fd8f9616a69909cec22531a01219e391bfe1df73a5151c872292fed1
20190725.0,1254008.3523491365,Main,Baseline portfolio,49a0a4d1fd8f9616a69909cec22531a01219e391bfe1df73a5151c872292fed1
20190726.0,1260768.736873983,Main,Baseline portfolio,49a0a4d1fd8f9616a69909cec22531a01219e391bfe1df73a5151c872292fed1
20190729.0,1269294.2334532025,Main,Baseline portfolio,49a0a4d1fd8f9616a69909cec22531a01219e391bfe1df73a5151c872292fed1
20190730.0,1262673.7053582533,Main,Baseline portfolio,49a0a4d1fd8f9616a69909cec22531a01219e391bfe1df73a5151c872292fed1
20190731.0,1261181.4008302244,Main,Baseline portfolio,49a0a4d1fd8f9616a69909cec22531a01219e391bfe1df73a5151c872292fed1
20190801.0,1250792.2541060245,Main,Baseline portfolio,49a0a4d1fd8f9616a69909cec22531a01219e391bfe1df73a5151c872292fed1
20190802.0,1238006.561681403,Main,Baseline portfolio,49a0a4d1fd8f9616a69909cec22531a01219e391bfe1df73a5151c872292fed1
20190805.0,1232071.4365497548,Main,Baseline portfolio,49a0a4d1fd8f9616a69909cec22531a01219e391bfe1df73a5151c872292fed1
20190806.0,1232222.9191912196,Main,Baseline portfolio,49a0a4d1fd8f9616a69909cec22531a01219e391bfe1df73a5151c872292fed1
20190807.0,1240141.5839744282,Main,Baseline portfolio,49a0a4d1fd8f9616a69909cec22531a01219e391bfe1df73a5151c872292fed1
20190808.0,1229306.3177444176,Main,Baseline portfolio,49a0a4d1fd8f9616a69909cec22531a01219e391bfe1df73a5151c872292fed1
20190809.0,1246128.0514140152,Main,Baseline portfolio,49a0a4d1fd8f9616a69909cec22531a01219e391bfe1df73a5151c872292fed1
20190812.0,1238163.6182661096,Main,Baseline portfolio,49a0a4d1fd8f9616a69909cec22531a01219e391bfe1df73a5151c872292fed1
20190813.0,1237639.0049794985,Main,Baseline portfolio,49a0a4d1fd8f9616a69909cec22531a01219e391bfe1df73a5151c872292fed1
20190814.0,1253966.1428560582,Main,Baseline portfolio,49a0a4d1fd8f9616a69909cec22531a01219e391bfe1df73a5151c872292fed1
20190815.0,1254866.4144441632,Main,Baseline portfolio,49a0a4d1fd8f9616a69909cec22531a01219e391bfe1df73a5151c872292fed1
20190816.0,1284794.0402357634,Main,Baseline portfolio,49a0a4d1fd8f9616a69909cec22531a01219e391bfe1df73a5151c872292fed1
20190819.0,1282589.9781105758,Main,Baseline portfolio,49a0a4d1fd8f9616a69909cec22531a01219e391bfe1df73a5151c872292fed1
20190820.0,1285129.0602518928,Main,Baseline portfolio,49a0a4d1fd8f9616a69909cec22531a01219e391bfe1df73a5151c872292fed1
20190821.0,1281845.2815791217,Main,Baseline portfolio,49a0a4d1fd8f9616a69909cec22531a01219e391bfe1df73a5151c872292fed1
20190822.0,1280079.4929975518,Main,Baseline portfolio,49a0a4d1fd8f9616a69909cec22531a01219e391bfe1df73a5151c872292fed1
20190823.0,1273607.6293860935,Main,Baseline portfolio,49a0a4d1fd8f9616a69909cec22531a01219e391bfe1df73a5151c872292fed1
20190826.0,1284828.9242109396,Main,Baseline portfolio,49a0a4d1fd8f9616a69909cec22531a01219e391bfe1df73a5151c872292fed1
20190827.0,1284478.3606952918,Main,Baseline portfolio,49a0a4d1fd8f9616a69909cec22531a01219e391bfe1df73a5151c872292fed1
20190828.0,1280188.0896187413,Main,Baseline portfolio,49a0a4d1fd8f9616a69909cec22531a01219e391bfe1df73a5151c872292fed1
20190829.0,1270169.2532656759,Main,Baseline portfolio,49a0a4d1fd8f9616a69909cec22531a01219e391bfe1df73a5151c872292fed1
20190830.0,1283914.7070333967,Main,Baseline portfolio,49a0a4d1fd8f9616a69909cec22531a01219e391bfe1df73a5151c872292fed1
20190902.0,1285741.2871356544,Main,Baseline portfolio,49a0a4d1fd8f9616a69909cec22531a01219e391bfe1df73a5151c872292fed1
20190903.0,1293363.1621382115,Main,Baseline portfolio,49a0a4d1fd8f9616a69909cec22531a01219e391bfe1df73a5151c872292fed1
20190904.0,1301490.0934106202,Main,Baseline portfolio,49a0a4d1fd8f9616a69909cec22531a01219e391bfe1df73a5151c872292fed1
20190905.0,1312812.596562997,Main,Baseline portfolio,49a0a4d1fd8f9616a69909cec22531a01219e391bfe1df73a5151c872292fed1
20190906.0,1340717.5784435943,Main,Baseline portfolio,49a0a4d1fd8f9616a69909cec22531a01219e391bfe1df73a5151c872292fed1
20190909.0,1343053.27397888,Main,Baseline portfolio,49a0a4d1fd8f9616a69909cec22531a01219e391bfe1df73a5151c872292fed1
20190910.0,1330191.723649975,Main,Baseline portfolio,49a0a4d1fd8f9616a69909cec22531a01219e391bfe1df73a5151c872292fed1
20190911.0,1349408.0035667366,Main,Baseline portfolio,49a0a4d1fd8f9616a69909cec22531a01219e391bfe1df73a5151c872292fed1
20190912.0,1357872.3347921013,Main,Baseline portfolio,49a0a4d1fd8f9616a69909cec22531a01219e391bfe1df73a5151c872292fed1
20190916.0,1357954.3399848395,Main,Baseline portfolio,49a0a4d1fd8f9616a69909cec22531a01219e391bfe1df73a5151c872292fed1
20190917.0,1381861.631167746,Main,Baseline portfolio,49a0a4d1fd8f9616a69909cec22531a01219e391bfe1df73a5151c872292fed1
20190918.0,1389618.5284637315,Main,Baseline portfolio,49a0a4d1fd8f9616a69909cec22531a01219e391bfe1df73a5151c872292fed1
20190919.0,1415183.6682837727,Main,Baseline portfolio,49a0a4d1fd8f9616a69909cec22531a01219e391bfe1df73a5151c872292fed1
20190920.0,1391558.5322701908,Main,Baseline portfolio,49a0a4d1fd8f9616a69909cec22531a01219e391bfe1df73a5151c872292fed1
20190923.0,1397699.605016989,Main,Baseline portfolio,49a0a4d1fd8f9616a69909cec22531a01219e391bfe1df73a5151c872292fed1
20190924.0,1370399.4409691799,Main,Baseline portfolio,49a0a4d1fd8f9616a69909cec22531a01219e391bfe1df73a5151c872292fed1
20190925.0,1351100.1087237513,Main,Baseline portfolio,49a0a4d1fd8f9616a69909cec22531a01219e391bfe1df73a5151c872292fed1
20190926.0,1356344.1518523614,Main,Baseline portfolio,49a0a4d1fd8f9616a69909cec22531a01219e391bfe1df73a5151c872292fed1
20190927.0,1339306.2576671066,Main,Baseline portfolio,49a0a4d1fd8f9616a69909cec22531a01219e391bfe1df73a5151c872292fed1
20190930.0,1344307.3990160476,Main,Baseline portfolio,49a0a4d1fd8f9616a69909cec22531a01219e391bfe1df73a5151c872292fed1
20191008.0,1361409.0189596943,Main,Baseline portfolio,49a0a4d1fd8f9616a69909cec22531a01219e391bfe1df73a5151c872292fed1
20191009.0,1396724.376653989,Main,Baseline portfolio,49a0a4d1fd8f9616a69909cec22531a01219e391bfe1df73a5151c872292fed1
20191010.0,1396334.9225986174,Main,Baseline portfolio,49a0a4d1fd8f9616a69909cec22531a01219e391bfe1df73a5151c872292fed1
20191011.0,1414663.2068629053,Main,Baseline portfolio,49a0a4d1fd8f9616a69909cec22531a01219e391bfe1df73a5151c872292fed1
20191014.0,1394049.1191807108,Main,Baseline portfolio,49a0a4d1fd8f9616a69909cec22531a01219e391bfe1df73a5151c872292fed1
20191015.0,1389880.8249299065,Main,Baseline portfolio,49a0a4d1fd8f9616a69909cec22531a01219e391bfe1df73a5151c872292fed1
20191016.0,1397721.4840314724,Main,Baseline portfolio,49a0a4d1fd8f9616a69909cec22531a01219e391bfe1df73a5151c872292fed1
20191017.0,1398958.5798089942,Main,Baseline portfolio,49a0a4d1fd8f9616a69909cec22531a01219e391bfe1df73a5151c872292fed1
20191018.0,1402828.066386143,Main,Baseline portfolio,49a0a4d1fd8f9616a69909cec22531a01219e391bfe1df73a5151c872292fed1
20191021.0,1402086.595601657,Main,Baseline portfolio,49a0a4d1fd8f9616a69909cec22531a01219e391bfe1df73a5151c872292fed1
20191022.0,1394741.9440927352,Main,Baseline portfolio,49a0a4d1fd8f9616a69909cec22531a01219e391bfe1df73a5151c872292fed1
20191023.0,1395364.9320313002,Main,Baseline portfolio,49a0a4d1fd8f9616a69909cec22531a01219e391bfe1df73a5151c872292fed1
20191024.0,1410313.9238526262,Main,Baseline portfolio,49a0a4d1fd8f9616a69909cec22531a01219e391bfe1df73a5151c872292fed1
20191025.0,1421991.9744926768,Main,Baseline portfolio,49a0a4d1fd8f9616a69909cec22531a01219e391bfe1df73a5151c872292fed1
20191028.0,1416337.65893247,Main,Baseline portfolio,49a0a4d1fd8f9616a69909cec22531a01219e391bfe1df73a5151c872292fed1
20191029.0,1409666.609249571,Main,Baseline portfolio,49a0a4d1fd8f9616a69909cec22531a01219e391bfe1df73a5151c872292fed1
20191030.0,1407326.7402851235,Main,Baseline portfolio,49a0a4d1fd8f9616a69909cec22531a01219e391bfe1df73a5151c872292fed1
20191031.0,1414903.0384746923,Main,Baseline portfolio,49a0a4d1fd8f9616a69909cec22531a01219e391bfe1df73a5151c872292fed1
20191101.0,1422345.683446654,Main,Baseline portfolio,49a0a4d1fd8f9616a69909cec22531a01219e391bfe1df73a5151c872292fed1
20191104.0,1429346.045489065,Main,Baseline portfolio,49a0a4d1fd8f9616a69909cec22531a01219e391bfe1df73a5151c872292fed1
20191105.0,1419147.4897970823,Main,Baseline portfolio,49a0a4d1fd8f9616a69909cec22531a01219e391bfe1df73a5151c872292fed1
20191106.0,1426225.9284587519,Main,Baseline portfolio,49a0a4d1fd8f9616a69909cec22531a01219e391bfe1df73a5151c872292fed1
20191107.0,1426216.3444242312,Main,Baseline portfolio,49a0a4d1fd8f9616a69909cec22531a01219e391bfe1df73a5151c872292fed1
20191108.0,1402258.3842361458,Main,Baseline portfolio,49a0a4d1fd8f9616a69909cec22531a01219e391bfe1df73a5151c872292fed1
20191111.0,1403788.3558315698,Main,Baseline portfolio,49a0a4d1fd8f9616a69909cec22531a01219e391bfe1df73a5151c872292fed1
20191112.0,1410038.8354401293,Main,Baseline portfolio,49a0a4d1fd8f9616a69909cec22531a01219e391bfe1df73a5151c872292fed1
20191113.0,1417973.1025688308,Main,Baseline portfolio,49a0a4d1fd8f9616a69909cec22531a01219e391bfe1df73a5151c872292fed1
20191114.0,1404421.550725587,Main,Baseline portfolio,49a0a4d1fd8f9616a69909cec22531a01219e391bfe1df73a5151c872292fed1
20191115.0,1423967.7885946156,Main,Baseline portfolio,49a0a4d1fd8f9616a69909cec22531a01219e391bfe1df73a5151c872292fed1
20191118.0,1443780.2761903952,Main,Baseline portfolio,49a0a4d1fd8f9616a69909cec22531a01219e391bfe1df73a5151c872292fed1
20191119.0,1428622.164915508,Main,Baseline portfolio,49a0a4d1fd8f9616a69909cec22531a01219e391bfe1df73a5151c872292fed1
20191120.0,1422025.3377427326,Main,Baseline portfolio,49a0a4d1fd8f9616a69909cec22531a01219e391bfe1df73a5151c872292fed1
20191121.0,1402328.5802305138,Main,Baseline portfolio,49a0a4d1fd8f9616a69909cec22531a01219e391bfe1df73a5151c872292fed1
20191122.0,1408767.677818113,Main,Baseline portfolio,49a0a4d1fd8f9616a69909cec22531a01219e391bfe1df73a5151c872292fed1
20191125.0,1416509.1625065731,Main,Baseline portfolio,49a0a4d1fd8f9616a69909cec22531a01219e391bfe1df73a5151c872292fed1
20191126.0,1433165.492027784,Main,Baseline portfolio,49a0a4d1fd8f9616a69909cec22531a01219e391bfe1df73a5151c872292fed1
20191127.0,1428132.2532218518,Main,Baseline portfolio,49a0a4d1fd8f9616a69909cec22531a01219e391bfe1df73a5151c872292fed1
20191128.0,1421373.597096023,Main,Baseline portfolio,49a0a4d1fd8f9616a69909cec22531a01219e391bfe1df73a5151c872292fed1
20191129.0,1424538.895139673,Main,Baseline portfolio,49a0a4d1fd8f9616a69909cec22531a01219e391bfe1df73a5151c872292fed1
20191202.0,1429139.575515114,Main,Baseline portfolio,49a0a4d1fd8f9616a69909cec22531a01219e391bfe1df73a5151c872292fed1
20191203.0,1456594.7105414472,Main,Baseline portfolio,49a0a4d1fd8f9616a69909cec22531a01219e391bfe1df73a5151c872292fed1
20191204.0,1472303.3516164203,Main,Baseline portfolio,49a0a4d1fd8f9616a69909cec22531a01219e391bfe1df73a5151c872292fed1
20191205.0,1491098.8216413397,Main,Baseline portfolio,49a0a4d1fd8f9616a69909cec22531a01219e391bfe1df73a5151c872292fed1
20191206.0,1506967.8663674316,Main,Baseline portfolio,49a0a4d1fd8f9616a69909cec22531a01219e391bfe1df73a5151c872292fed1
20191209.0,1518111.88000133,Main,Baseline portfolio,49a0a4d1fd8f9616a69909cec22531a01219e391bfe1df73a5151c872292fed1
20191210.0,1531258.513389157,Main,Baseline portfolio,49a0a4d1fd8f9616a69909cec22531a01219e391bfe1df73a5151c872292fed1
20191211.0,1533476.8613826518,Main,Baseline portfolio,49a0a4d1fd8f9616a69909cec22531a01219e391bfe1df73a5151c872292fed1
20191212.0,1560027.0610757559,Main,Baseline portfolio,49a0a4d1fd8f9616a69909cec22531a01219e391bfe1df73a5151c872292fed1
20191213.0,1601491.1358509618,Main,Baseline portfolio,49a0a4d1fd8f9616a69909cec22531a01219e391bfe1df73a5151c872292fed1
20191216.0,1627345.188655783,Main,Baseline portfolio,49a0a4d1fd8f9616a69909cec22531a01219e391bfe1df73a5151c872292fed1
20191217.0,1631735.976619647,Main,Baseline portfolio,49a0a4d1fd8f9616a69909cec22531a01219e391bfe1df73a5151c872292fed1
20191218.0,1627103.5056125512,Main,Baseline portfolio,49a0a4d1fd8f9616a69909cec22531a01219e391bfe1df73a5151c872292fed1
20191219.0,1608149.9593754746,Main,Baseline portfolio,49a0a4d1fd8f9616a69909cec22531a01219e391bfe1df73a5151c872292fed1
20191220.0,1589275.1638665262,Main,Baseline portfolio,49a0a4d1fd8f9616a69909cec22531a01219e391bfe1df73a5151c872292fed1
20191223.0,1618904.301707556,Main,Baseline portfolio,49a0a4d1fd8f9616a69909cec22531a01219e391bfe1df73a5151c872292fed1
20191224.0,1631655.4675656948,Main,Baseline portfolio,49a0a4d1fd8f9616a69909cec22531a01219e391bfe1df73a5151c872292fed1
20191225.0,1642714.7468231919,Main,Baseline portfolio,49a0a4d1fd8f9616a69909cec22531a01219e391bfe1df73a5151c872292fed1
20191226.0,1634269.4292969448,Main,Baseline portfolio,49a0a4d1fd8f9616a69909cec22531a01219e391bfe1df73a5151c872292fed1
20191227.0,1655151.5045766914,Main,Baseline portfolio,49a0a4d1fd8f9616a69909cec22531a01219e391bfe1df73a5151c872292fed1
20191230.0,1665632.342702499,Main,Baseline portfolio,49a0a4d1fd8f9616a69909cec22531a01219e391bfe1df73a5151c872292fed1
20191231.0,1705492.0856282383,Main,Baseline portfolio,49a0a4d1fd8f9616a69909cec22531a01219e391bfe1df73a5151c872292fed1
20200102.0,1712662.3090994256,Main,Baseline portfolio,49a0a4d1fd8f9616a69909cec22531a01219e391bfe1df73a5151c872292fed1
20200103.0,1723232.3969218922,Main,Baseline portfolio,49a0a4d1fd8f9616a69909cec22531a01219e391bfe1df73a5151c872292fed1
20200106.0,1743641.2791132745,Main,Baseline portfolio,49a0a4d1fd8f9616a69909cec22531a01219e391bfe1df73a5151c872292fed1
20200107.0,1733821.6661142018,Main,Baseline portfolio,49a0a4d1fd8f9616a69909cec22531a01219e391bfe1df73a5151c872292fed1
20200108.0,1756988.1654581467,Main,Baseline portfolio,49a0a4d1fd8f9616a69909cec22531a01219e391bfe1df73a5151c872292fed1
20200109.0,1755306.665676085,Main,Baseline portfolio,49a0a4d1fd8f9616a69909cec22531a01219e391bfe1df73a5151c872292fed1
20200110.0,1780996.07912868,Main,Baseline portfolio,49a0a4d1fd8f9616a69909cec22531a01219e391bfe1df73a5151c872292fed1
20200113.0,1769048.999800968,Main,Baseline portfolio,49a0a4d1fd8f9616a69909cec22531a01219e391bfe1df73a5151c872292fed1
20200114.0,1768060.0560934893,Main,Baseline portfolio,49a0a4d1fd8f9616a69909cec22531a01219e391bfe1df73a5151c872292fed1
20200115.0,1775705.771374359,Main,Baseline portfolio,49a0a4d1fd8f9616a69909cec22531a01219e391bfe1df73a5151c872292fed1
20200116.0,1799841.3169286246,Main,Baseline portfolio,49a0a4d1fd8f9616a69909cec22531a01219e391bfe1df73a5151c872292fed1
20200117.0,1830262.3687479638,Main,Baseline portfolio,49a0a4d1fd8f9616a69909cec22531a01219e391bfe1df73a5151c872292fed1
20200120.0,1812963.2610035613,Main,Baseline portfolio,49a0a4d1fd8f9616a69909cec22531a01219e391bfe1df73a5151c872292fed1
20200121.0,1834102.8485917882,Main,Baseline portfolio,49a0a4d1fd8f9616a69909cec22531a01219e391bfe1df73a5151c872292fed1
20200122.0,1790358.212023376,Main,Baseline portfolio,49a0a4d1fd8f9616a69909cec22531a01219e391bfe1df73a5151c872292fed1
20200123.0,1637486.3457409556,Main,Baseline portfolio,49a0a4d1fd8f9616a69909cec22531a01219e391bfe1df73a5151c872292fed1
20200203.0,1710518.9346075929,Main,Baseline portfolio,49a0a4d1fd8f9616a69909cec22531a01219e391bfe1df73a5151c872292fed1
20200204.0,1740474.749636965,Main,Baseline portfolio,49a0a4d1fd8f9616a69909cec22531a01219e391bfe1df73a5151c872292fed1
20200205.0,1793478.1045522606,Main,Baseline portfolio,49a0a4d1fd8f9616a69909cec22531a01219e391bfe1df73a5151c872292fed1
20200206.0,1793791.2429340521,Main,Baseline portfolio,49a0a4d1fd8f9616a69909cec22531a01219e391bfe1df73a5151c872292fed1
20200207.0,1815426.4122877065,Main,Baseline portfolio,49a0a4d1fd8f9616a69909cec22531a01219e391bfe1df73a5151c872292fed1
20200210.0,1827867.9415026798,Main,Baseline portfolio,49a0a4d1fd8f9616a69909cec22531a01219e391bfe1df73a5151c872292fed1
20200211.0,1891527.5423065606,Main,Baseline portfolio,49a0a4d1fd8f9616a69909cec22531a01219e391bfe1df73a5151c872292fed1
20200212.0,1954913.1262186782,Main,Baseline portfolio,49a0a4d1fd8f9616a69909cec22531a01219e391bfe1df73a5151c872292fed1
20200213.0,1955481.9228576515,Main,Baseline portfolio,49a0a4d1fd8f9616a69909cec22531a01219e391bfe1df73a5151c872292fed1
20200214.0,2019460.537370665,Main,Baseline portfolio,49a0a4d1fd8f9616a69909cec22531a01219e391bfe1df73a5151c872292fed1
20200217.0,2063596.515196991,Main,Baseline portfolio,49a0a4d1fd8f9616a69909cec22531a01219e391bfe1df73a5151c872292fed1
20200218.0,2019684.2699728932,Main,Baseline portfolio,49a0a4d1fd8f9616a69909cec22531a01219e391bfe1df73a5151c872292fed1
20200219.0,2064405.8766041247,Main,Baseline portfolio,49a0a4d1fd8f9616a69909cec22531a01219e391bfe1df73a5151c872292fed1
20200220.0,2088379.8480366247,Main,Baseline portfolio,49a0a4d1fd8f9616a69909cec22531a01219e391bfe1df73a5151c872292fed1
20200221.0,2120392.0297517865,Main,Baseline portfolio,49a0a4d1fd8f9616a69909cec22531a01219e391bfe1df73a5151c872292fed1
20200224.0,2150518.006485634,Main,Baseline portfolio,49a0a4d1fd8f9616a69909cec22531a01219e391bfe1df73a5151c872292fed1
20200225.0,2109632.5506899734,Main,Baseline portfolio,49a0a4d1fd8f9616a69909cec22531a01219e391bfe1df73a5151c872292fed1
20200226.0,2148188.933540975,Main,Baseline portfolio,49a0a4d1fd8f9616a69909cec22531a01219e391bfe1df73a5151c872292fed1
20200227.0,2080435.2084985473,Main,Baseline portfolio,49a0a4d1fd8f9616a69909cec22531a01219e391bfe1df73a5151c872292fed1
20200228.0,2164826.58218543,Main,Baseline portfolio,49a0a4d1fd8f9616a69909cec22531a01219e391bfe1df73a5151c872292fed1
20200302.0,2183124.371940989,Main,Baseline portfolio,49a0a4d1fd8f9616a69909cec22531a01219e391bfe1df73a5151c872292fed1
20200303.0,2189992.957388144,Main,Baseline portfolio,49a0a4d1fd8f9616a69909cec22531a01219e391bfe1df73a5151c872292fed1
20200304.0,2226370.4566344065,Main,Baseline portfolio,49a0a4d1fd8f9616a69909cec22531a01219e391bfe1df73a5151c872292fed1
20200305.0,2202182.3758312603,Main,Baseline portfolio,49a0a4d1fd8f9616a69909cec22531a01219e391bfe1df73a5151c872292fed1
20200306.0,2102996.843255364,Main,Baseline portfolio,49a0a4d1fd8f9616a69909cec22531a01219e391bfe1df73a5151c872292fed1
20200309.0,2144019.354049717,Main,Baseline portfolio,49a0a4d1fd8f9616a69909cec22531a01219e391bfe1df73a5151c872292fed1
20200310.0,2116579.1417180067,Main,Baseline portfolio,49a0a4d1fd8f9616a69909cec22531a01219e391bfe1df73a5151c872292fed1
20200311.0,2071482.249812341,Main,Baseline portfolio,49a0a4d1fd8f9616a69909cec22531a01219e391bfe1df73a5151c872292fed1
20200312.0,2032845.3357393825,Main,Baseline portfolio,49a0a4d1fd8f9616a69909cec22531a01219e391bfe1df73a5151c872292fed1
20200313.0,1934751.907595125,Main,Baseline portfolio,49a0a4d1fd8f9616a69909cec22531a01219e391bfe1df73a5151c872292fed1
20200316.0,1950517.1365325195,Main,Baseline portfolio,49a0a4d1fd8f9616a69909cec22531a01219e391bfe1df73a5151c872292fed1
20200317.0,1926302.169869512,Main,Baseline portfolio,49a0a4d1fd8f9616a69909cec22531a01219e391bfe1df73a5151c872292fed1
20200318.0,1940567.529447291,Main,Baseline portfolio,49a0a4d1fd8f9616a69909cec22531a01219e391bfe1df73a5151c872292fed1
20200319.0,1968065.869108583,Main,Baseline portfolio,49a0a4d1fd8f9616a69909cec22531a01219e391bfe1df73a5151c872292fed1
20200320.0,1919624.7238104,Main,Baseline portfolio,49a0a4d1fd8f9616a69909cec22531a01219e391bfe1df73a5151c872292fed1
20200323.0,1978323.9602014993,Main,Baseline portfolio,49a0a4d1fd8f9616a69909cec22531a01219e391bfe1df73a5151c872292fed1
20200324.0,2051790.3355053195,Main,Baseline portfolio,49a0a4d1fd8f9616a69909cec22531a01219e391bfe1df73a5151c872292fed1
20200325.0,2043028.9381045906,Main,Baseline portfolio,49a0a4d1fd8f9616a69909cec22531a01219e391bfe1df73a5151c872292fed1
20200326.0,2040487.0887917106,Main,Baseline portfolio,49a0a4d1fd8f9616a69909cec22531a01219e391bfe1df73a5151c872292fed1
20200327.0,2016824.2578999633,Main,Baseline portfolio,49a0a4d1fd8f9616a69909cec22531a01219e391bfe1df73a5151c872292fed1
20200330.0,2018952.7618927455,Main,Baseline portfolio,49a0a4d1fd8f9616a69909cec22531a01219e391bfe1df73a5151c872292fed1
20200331.0,2015331.657932891,Main,Baseline portfolio,49a0a4d1fd8f9616a69909cec22531a01219e391bfe1df73a5151c872292fed1
20200401.0,2048905.128285941,Main,Baseline portfolio,49a0a4d1fd8f9616a69909cec22531a01219e391bfe1df73a5151c872292fed1
20200402.0,2047200.1799946676,Main,Baseline portfolio,49a0a4d1fd8f9616a69909cec22531a01219e391bfe1df73a5151c872292fed1
20200403.0,2103416.3052317584,Main,Baseline portfolio,49a0a4d1fd8f9616a69909cec22531a01219e391bfe1df73a5151c872292fed1
20200407.0,2101909.1541864322,Main,Baseline portfolio,49a0a4d1fd8f9616a69909cec22531a01219e391bfe1df73a5151c872292fed1
20200408.0,2108342.0696213515,Main,Baseline portfolio,49a0a4d1fd8f9616a69909cec22531a01219e391bfe1df73a5151c872292fed1
20200409.0,2065136.4512097351,Main,Baseline portfolio,49a0a4d1fd8f9616a69909cec22531a01219e391bfe1df73a5151c872292fed1
20200410.0,2066123.5941698898,Main,Baseline portfolio,49a0a4d1fd8f9616a69909cec22531a01219e391bfe1df73a5151c872292fed1
20200413.0,2123372.752655857,Main,Baseline portfolio,49a0a4d1fd8f9616a69909cec22531a01219e391bfe1df73a5151c872292fed1
20200414.0,2119699.918750271,Main,Baseline portfolio,49a0a4d1fd8f9616a69909cec22531a01219e391bfe1df73a5151c872292fed1
20200415.0,2135065.0924894135,Main,Baseline portfolio,49a0a4d1fd8f9616a69909cec22531a01219e391bfe1df73a5151c872292fed1
20200416.0,2147705.285417026,Main,Baseline portfolio,49a0a4d1fd8f9616a69909cec22531a01219e391bfe1df73a5151c872292fed1
20200417.0,2162652.875112058,Main,Baseline portfolio,49a0a4d1fd8f9616a69909cec22531a01219e391bfe1df73a5151c872292fed1
20200420.0,2156610.870674235,Main,Baseline portfolio,49a0a4d1fd8f9616a69909cec22531a01219e391bfe1df73a5151c872292fed1
20200421.0,2179166.5424393318,Main,Baseline portfolio,49a0a4d1fd8f9616a69909cec22531a01219e391bfe1df73a5151c872292fed1
20200422.0,2171700.7348246537,Main,Baseline portfolio,49a0a4d1fd8f9616a69909cec22531a01219e391bfe1df73a5151c872292fed1
20200423.0,2149411.469876853,Main,Baseline portfolio,49a0a4d1fd8f9616a69909cec22531a01219e391bfe1df73a5151c872292fed1
20200424.0,2154898.5274389023,Main,Baseline portfolio,49a0a4d1fd8f9616a69909cec22531a01219e391bfe1df73a5151c872292fed1
20200427.0,2151307.348270053,Main,Baseline portfolio,49a0a4d1fd8f9616a69909cec22531a01219e391bfe1df73a5151c872292fed1
20200428.0,2156486.5475667305,Main,Baseline portfolio,49a0a4d1fd8f9616a69909cec22531a01219e391bfe1df73a5151c872292fed1
20200429.0,2183574.9135606713,Main,Baseline portfolio,49a0a4d1fd8f9616a69909cec22531a01219e391bfe1df73a5151c872292fed1
20200430.0,2213850.879719343,Main,Baseline portfolio,49a0a4d1fd8f9616a69909cec22531a01219e391bfe1df73a5151c872292fed1
20200506.0,2207052.0605095588,Main,Baseline portfolio,49a0a4d1fd8f9616a69909cec22531a01219e391bfe1df73a5151c872292fed1
20200507.0,2242639.0942550884,Main,Baseline portfolio,49a0a4d1fd8f9616a69909cec22531a01219e391bfe1df73a5151c872292fed1
20200508.0,2239441.6348702884,Main,Baseline portfolio,49a0a4d1fd8f9616a69909cec22531a01219e391bfe1df73a5151c872292fed1
20200511.0,2238478.775044721,Main,Baseline portfolio,49a0a4d1fd8f9616a69909cec22531a01219e391bfe1df73a5151c872292fed1
20200512.0,2242935.1270991443,Main,Baseline portfolio,49a0a4d1fd8f9616a69909cec22531a01219e391bfe1df73a5151c872292fed1
20200513.0,2241324.9653667454,Main,Baseline portfolio,49a0a4d1fd8f9616a69909cec22531a01219e391bfe1df73a5151c872292fed1
20200514.0,2233912.68290312,Main,Baseline portfolio,49a0a4d1fd8f9616a69909cec22531a01219e391bfe1df73a5151c872292fed1
20200515.0,2241555.923529325,Main,Baseline portfolio,49a0a4d1fd8f9616a69909cec22531a01219e391bfe1df73a5151c872292fed1
20200518.0,2278054.6658403785,Main,Baseline portfolio,49a0a4d1fd8f9616a69909cec22531a01219e391bfe1df73a5151c872292fed1
20200519.0,2268803.508093009,Main,Baseline portfolio,49a0a4d1fd8f9616a69909cec22531a01219e391bfe1df73a5151c872292fed1
20200520.0,2259626.2911205753,Main,Baseline portfolio,49a0a4d1fd8f9616a69909cec22531a01219e391bfe1df73a5151c872292fed1
20200521.0,2215502.997121166,Main,Baseline portfolio,49a0a4d1fd8f9616a69909cec22531a01219e391bfe1df73a5151c872292fed1
20200522.0,2238105.9354050173,Main,Baseline portfolio,49a0a4d1fd8f9616a69909cec22531a01219e391bfe1df73a5151c872292fed1
20200525.0,2327380.0193874394,Main,Baseline portfolio,49a0a4d1fd8f9616a69909cec22531a01219e391bfe1df73a5151c872292fed1
20200526.0,2348185.9140169076,Main,Baseline portfolio,49a0a4d1fd8f9616a69909cec22531a01219e391bfe1df73a5151c872292fed1
20200527.0,2359826.158737242,Main,Baseline portfolio,49a0a4d1fd8f9616a69909cec22531a01219e391bfe1df73a5151c872292fed1
20200528.0,2443971.5697468314,Main,Baseline portfolio,49a0a4d1fd8f9616a69909cec22531a01219e391bfe1df73a5151c872292fed1
20200529.0,2525625.4460629374,Main,Baseline portfolio,49a0a4d1fd8f9616a69909cec22531a01219e391bfe1df73a5151c872292fed1
20200601.0,2507571.7979838513,Main,Baseline portfolio,49a0a4d1fd8f9616a69909cec22531a01219e391bfe1df73a5151c872292fed1
20200602.0,2543613.7576765665,Main,Baseline portfolio,49a0a4d1fd8f9616a69909cec22531a01219e391bfe1df73a5151c872292fed1
20200603.0,2561944.3442896646,Main,Baseline portfolio,49a0a4d1fd8f9616a69909cec22531a01219e391bfe1df73a5151c872292fed1
20200604.0,2563306.626920769,Main,Baseline portfolio,49a0a4d1fd8f9616a69909cec22531a01219e391bfe1df73a5151c872292fed1
20200605.0,2575797.428355101,Main,Baseline portfolio,49a0a4d1fd8f9616a69909cec22531a01219e391bfe1df73a5151c872292fed1
20200608.0,2603685.2140106703,Main,Baseline portfolio,49a0a4d1fd8f9616a69909cec22531a01219e391bfe1df73a5151c872292fed1
20200609.0,2606019.4909951873,Main,Baseline portfolio,49a0a4d1fd8f9616a69909cec22531a01219e391bfe1df73a5151c872292fed1
20200610.0,2620930.5602124827,Main,Baseline portfolio,49a0a4d1fd8f9616a69909cec22531a01219e391bfe1df73a5151c872292fed1
20200611.0,2649242.6402679365,Main,Baseline portfolio,49a0a4d1fd8f9616a69909cec22531a01219e391bfe1df73a5151c872292fed1
20200612.0,2674925.169345924,Main,Baseline portfolio,49a0a4d1fd8f9616a69909cec22531a01219e391bfe1df73a5151c872292fed1
20200615.0,2723259.1132972813,Main,Baseline portfolio,49a0a4d1fd8f9616a69909cec22531a01219e391bfe1df73a5151c872292fed1
20200616.0,2739165.1141024022,Main,Baseline portfolio,49a0a4d1fd8f9616a69909cec22531a01219e391bfe1df73a5151c872292fed1
20200617.0,2735637.098128446,Main,Baseline portfolio,49a0a4d1fd8f9616a69909cec22531a01219e391bfe1df73a5151c872292fed1
20200618.0,2762638.9060245478,Main,Baseline portfolio,49a0a4d1fd8f9616a69909cec22531a01219e391bfe1df73a5151c872292fed1
20200619.0,2774460.8806210584,Main,Baseline portfolio,49a0a4d1fd8f9616a69909cec22531a01219e391bfe1df73a5151c872292fed1
20200622.0,2793378.8752229647,Main,Baseline portfolio,49a0a4d1fd8f9616a69909cec22531a01219e391bfe1df73a5151c872292fed1
20200623.0,2807933.440100894,Main,Baseline portfolio,49a0a4d1fd8f9616a69909cec22531a01219e391bfe1df73a5151c872292fed1
20200624.0,2828370.6708373893,Main,Baseline portfolio,49a0a4d1fd8f9616a69909cec22531a01219e391bfe1df73a5151c872292fed1
20200629.0,2900156.3099461454,Main,Baseline portfolio,49a0a4d1fd8f9616a69909cec22531a01219e391bfe1df73a5151c872292fed1
20200630.0,2924754.6691259425,Main,Baseline portfolio,49a0a4d1fd8f9616a69909cec22531a01219e391bfe1df73a5151c872292fed1
20200701.0,2972127.9389162273,Main,Baseline portfolio,49a0a4d1fd8f9616a69909cec22531a01219e391bfe1df73a5151c872292fed1
20200702.0,3030954.6879876503,Main,Baseline portfolio,49a0a4d1fd8f9616a69909cec22531a01219e391bfe1df73a5151c872292fed1
20200703.0,3126276.3960978417,Main,Baseline portfolio,49a0a4d1fd8f9616a69909cec22531a01219e391bfe1df73a5151c872292fed1
20200706.0,3214417.1018468747,Main,Baseline portfolio,49a0a4d1fd8f9616a69909cec22531a01219e391bfe1df73a5151c872292fed1
20200707.0,3291138.443664764,Main,Baseline portfolio,49a0a4d1fd8f9616a69909cec22531a01219e391bfe1df73a5151c872292fed1
20200708.0,3358776.626950906,Main,Baseline portfolio,49a0a4d1fd8f9616a69909cec22531a01219e391bfe1df73a5151c872292fed1
20200709.0,3326743.012705028,Main,Baseline portfolio,49a0a4d1fd8f9616a69909cec22531a01219e391bfe1df73a5151c872292fed1
20200710.0,3420819.909463676,Main,Baseline portfolio,49a0a4d1fd8f9616a69909cec22531a01219e391bfe1df73a5151c872292fed1
20200713.0,3428349.436387872,Main,Baseline portfolio,49a0a4d1fd8f9616a69909cec22531a01219e391bfe1df73a5151c872292fed1
20200714.0,3395752.0603606934,Main,Baseline portfolio,49a0a4d1fd8f9616a69909cec22531a01219e391bfe1df73a5151c872292fed1
20200715.0,3236435.3813775517,Main,Baseline portfolio,49a0a4d1fd8f9616a69909cec22531a01219e391bfe1df73a5151c872292fed1
20200716.0,3300512.8388920007,Main,Baseline portfolio,49a0a4d1fd8f9616a69909cec22531a01219e391bfe1df73a5151c872292fed1
20200717.0,3419736.7915380746,Main,Baseline portfolio,49a0a4d1fd8f9616a69909cec22531a01219e391bfe1df73a5151c872292fed1
20200720.0,3462483.4791509365,Main,Baseline portfolio,49a0a4d1fd8f9616a69909cec22531a01219e391bfe1df73a5151c872292fed1
20200721.0,3502088.9658450247,Main,Baseline portfolio,49a0a4d1fd8f9616a69909cec22531a01219e391bfe1df73a5151c872292fed1
20200722.0,3533727.519948682,Main,Baseline portfolio,49a0a4d1fd8f9616a69909cec22531a01219e391bfe1df73a5151c872292fed1
20200723.0,3390441.9967829227,Main,Baseline portfolio,49a0a4d1fd8f9616a69909cec22531a01219e391bfe1df73a5151c872292fed1
20200724.0,3481415.295604507,Main,Baseline portfolio,49a0a4d1fd8f9616a69909cec22531a01219e391bfe1df73a5151c872292fed1
20200727.0,3523847.424974879,Main,Baseline portfolio,49a0a4d1fd8f9616a69909cec22531a01219e391bfe1df73a5151c872292fed1
20200728.0,3628896.09994688,Main,Baseline portfolio,49a0a4d1fd8f9616a69909cec22531a01219e391bfe1df73a5151c872292fed1
20200729.0,3641212.943909758,Main,Baseline portfolio,49a0a4d1fd8f9616a69909cec22531a01219e391bfe1df73a5151c872292fed1
20200730.0,3666316.6428075754,Main,Baseline portfolio,49a0a4d1fd8f9616a69909cec22531a01219e391bfe1df73a5151c872292fed1
20200731.0,3804500.8940649414,Main,Baseline portfolio,49a0a4d1fd8f9616a69909cec22531a01219e391bfe1df73a5151c872292fed1
20200803.0,3834336.2357631046,Main,Baseline portfolio,49a0a4d1fd8f9616a69909cec22531a01219e391bfe1df73a5151c872292fed1
20200804.0,3919579.3601125623,Main,Baseline portfolio,49a0a4d1fd8f9616a69909cec22531a01219e391bfe1df73a5151c872292fed1
20200805.0,3956420.083293968,Main,Baseline portfolio,49a0a4d1fd8f9616a69909cec22531a01219e391bfe1df73a5151c872292fed1
20200806.0,3973260.7831022376,Main,Baseline portfolio,49a0a4d1fd8f9616a69909cec22531a01219e391bfe1df73a5151c872292fed1
20200807.0,4039750.35117852,Main,Baseline portfolio,49a0a4d1fd8f9616a69909cec22531a01219e391bfe1df73a5151c872292fed1
20200810.0,3987814.369464285,Main,Baseline portfolio,49a0a4d1fd8f9616a69909cec22531a01219e391bfe1df73a5151c872292fed1
20200811.0,3915631.891432464,Main,Baseline portfolio,49a0a4d1fd8f9616a69909cec22531a01219e391bfe1df73a5151c872292fed1
20200812.0,3947328.457491314,Main,Baseline portfolio,49a0a4d1fd8f9616a69909cec22531a01219e391bfe1df73a5151c872292fed1
20200813.0,3989081.4708452662,Main,Baseline portfolio,49a0a4d1fd8f9616a69909cec22531a01219e391bfe1df73a5151c872292fed1
20200814.0,4076340.1496770754,Main,Baseline portfolio,49a0a4d1fd8f9616a69909cec22531a01219e391bfe1df73a5151c872292fed1
20200817.0,4172685.9234736776,Main,Baseline portfolio,49a0a4d1fd8f9616a69909cec22531a01219e391bfe1df73a5151c872292fed1
20200818.0,4162184.049725199,Main,Baseline portfolio,49a0a4d1fd8f9616a69909cec22531a01219e391bfe1df73a5151c872292fed1
20200819.0,4125371.92548659,Main,Baseline portfolio,49a0a4d1fd8f9616a69909cec22531a01219e391bfe1df73a5151c872292fed1
20200820.0,4156826.3828765196,Main,Baseline portfolio,49a0a4d1fd8f9616a69909cec22531a01219e391bfe1df73a5151c872292fed1
20200821.0,4176444.238515125,Main,Baseline portfolio,49a0a4d1fd8f9616a69909cec22531a01219e391bfe1df73a5151c872292fed1
20200824.0,4162235.068279501,Main,Baseline portfolio,49a0a4d1fd8f9616a69909cec22531a01219e391bfe1df73a5151c872292fed1
20200825.0,4111285.1507497095,Main,Baseline portfolio,49a0a4d1fd8f9616a69909cec22531a01219e391bfe1df73a5151c872292fed1
20200826.0,4126717.416660278,Main,Baseline portfolio,49a0a4d1fd8f9616a69909cec22531a01219e391bfe1df73a5151c872292fed1
20200827.0,4213738.028050413,Main,Baseline portfolio,49a0a4d1fd8f9616a69909cec22531a01219e391bfe1df73a5151c872292fed1
20200828.0,4225865.52954355,Main,Baseline portfolio,49a0a4d1fd8f9616a69909cec22531a01219e391bfe1df73a5151c872292fed1
20200831.0,4255163.783212772,Main,Baseline portfolio,49a0a4d1fd8f9616a69909cec22531a01219e391bfe1df73a5151c872292fed1
20200901.0,4255311.03771041,Main,Baseline portfolio,49a0a4d1fd8f9616a69909cec22531a01219e391bfe1df73a5151c872292fed1
20200902.0,4213365.364646349,Main,Baseline portfolio,49a0a4d1fd8f9616a69909cec22531a01219e391bfe1df73a5151c872292fed1
20200903.0,4171222.8748674905,Main,Baseline portfolio,49a0a4d1fd8f9616a69909cec22531a01219e391bfe1df73a5151c872292fed1
20200904.0,4080777.0693593747,Main,Baseline portfolio,49a0a4d1fd8f9616a69909cec22531a01219e391bfe1df73a5151c872292fed1
20200907.0,4083145.9594663554,Main,Baseline portfolio,49a0a4d1fd8f9616a69909cec22531a01219e391bfe1df73a5151c872292fed1
20200908.0,4005116.578512527,Main,Baseline portfolio,49a0a4d1fd8f9616a69909cec22531a01219e391bfe1df73a5151c872292fed1
20200909.0,3964042.4755163644,Main,Baseline portfolio,49a0a4d1fd8f9616a69909cec22531a01219e391bfe1df73a5151c872292fed1
20200910.0,3968713.967652886,Main,Baseline portfolio,49a0a4d1fd8f9616a69909cec22531a01219e391bfe1df73a5151c872292fed1
20200911.0,4002510.385558507,Main,Baseline portfolio,49a0a4d1fd8f9616a69909cec22531a01219e391bfe1df73a5151c872292fed1
20200914.0,4051539.3562085666,Main,Baseline portfolio,49a0a4d1fd8f9616a69909cec22531a01219e391bfe1df73a5151c872292fed1
20200915.0,4070693.8285039207,Main,Baseline portfolio,49a0a4d1fd8f9616a69909cec22531a01219e391bfe1df73a5151c872292fed1
20200916.0,4104441.5973126423,Main,Baseline portfolio,49a0a4d1fd8f9616a69909cec22531a01219e391bfe1df73a5151c872292fed1
20200917.0,4113276.9105996834,Main,Baseline portfolio,49a0a4d1fd8f9616a69909cec22531a01219e391bfe1df73a5151c872292fed1
20200918.0,4107985.8397621852,Main,Baseline portfolio,49a0a4d1fd8f9616a69909cec22531a01219e391bfe1df73a5151c872292fed1
20200921.0,4029261.1489637764,Main,Baseline portfolio,49a0a4d1fd8f9616a69909cec22531a01219e391bfe1df73a5151c872292fed1
20200922.0,4040259.4268098893,Main,Baseline portfolio,49a0a4d1fd8f9616a69909cec22531a01219e391bfe1df73a5151c872292fed1
20200923.0,3987056.131707941,Main,Baseline portfolio,49a0a4d1fd8f9616a69909cec22531a01219e391bfe1df73a5151c872292fed1
20200924.0,3951013.7064871294,Main,Baseline portfolio,49a0a4d1fd8f9616a69909cec22531a01219e391bfe1df73a5151c872292fed1
20200925.0,3955386.7653877437,Main,Baseline portfolio,49a0a4d1fd8f9616a69909cec22531a01219e391bfe1df73a5151c872292fed1
20200928.0,3997781.021830568,Main,Baseline portfolio,49a0a4d1fd8f9616a69909cec22531a01219e391bfe1df73a5151c872292fed1
20200929.0,4014136.0370813776,Main,Baseline portfolio,49a0a4d1fd8f9616a69909cec22531a01219e391bfe1df73a5151c872292fed1
20200930.0,4169014.22094243,Main,Baseline portfolio,49a0a4d1fd8f9616a69909cec22531a01219e391bfe1df73a5151c872292fed1
20201009.0,4284715.289507623,Main,Baseline portfolio,49a0a4d1fd8f9616a69909cec22531a01219e391bfe1df73a5151c872292fed1
20201012.0,4354972.186337576,Main,Baseline portfolio,49a0a4d1fd8f9616a69909cec22531a01219e391bfe1df73a5151c872292fed1
20201013.0,4333228.334612861,Main,Baseline portfolio,49a0a4d1fd8f9616a69909cec22531a01219e391bfe1df73a5151c872292fed1
20201014.0,4364938.591732151,Main,Baseline portfolio,49a0a4d1fd8f9616a69909cec22531a01219e391bfe1df73a5151c872292fed1
20201015.0,4366984.893438483,Main,Baseline portfolio,49a0a4d1fd8f9616a69909cec22531a01219e391bfe1df73a5151c872292fed1
20201016.0,4356225.428785874,Main,Baseline portfolio,49a0a4d1fd8f9616a69909cec22531a01219e391bfe1df73a5151c872292fed1
20201019.0,4356076.368200445,Main,Baseline portfolio,49a0a4d1fd8f9616a69909cec22531a01219e391bfe1df73a5151c872292fed1
20201020.0,4328698.032815542,Main,Baseline portfolio,49a0a4d1fd8f9616a69909cec22531a01219e391bfe1df73a5151c872292fed1
20201021.0,4304634.013940507,Main,Baseline portfolio,49a0a4d1fd8f9616a69909cec22531a01219e391bfe1df73a5151c872292fed1
20201022.0,4258402.3028811505,Main,Baseline portfolio,49a0a4d1fd8f9616a69909cec22531a01219e391bfe1df73a5151c872292fed1
20201023.0,4295586.695328755,Main,Baseline portfolio,49a0a4d1fd8f9616a69909cec22531a01219e391bfe1df73a5151c872292fed1
20201026.0,4296280.216416889,Main,Baseline portfolio,49a0a4d1fd8f9616a69909cec22531a01219e391bfe1df73a5151c872292fed1
20201027.0,4326456.6011780435,Main,Baseline portfolio,49a0a4d1fd8f9616a69909cec22531a01219e391bfe1df73a5151c872292fed1
20201028.0,4325738.404682407,Main,Baseline portfolio,49a0a4d1fd8f9616a69909cec22531a01219e391bfe1df73a5151c872292fed1
20201029.0,4251342.599810903,Main,Baseline portfolio,49a0a4d1fd8f9616a69909cec22531a01219e391bfe1df73a5151c872292fed1
20201030.0,4260928.784728613,Main,Baseline portfolio,49a0a4d1fd8f9616a69909cec22531a01219e391bfe1df73a5151c872292fed1
20201102.0,4284021.864749548,Main,Baseline portfolio,49a0a4d1fd8f9616a69909cec22531a01219e391bfe1df73a5151c872292fed1
20201103.0,4298255.780725712,Main,Baseline portfolio,49a0a4d1fd8f9616a69909cec22531a01219e391bfe1df73a5151c872292fed1
20201104.0,4374893.660308378,Main,Baseline portfolio,49a0a4d1fd8f9616a69909cec22531a01219e391bfe1df73a5151c872292fed1
20201105.0,4359338.777017492,Main,Baseline portfolio,49a0a4d1fd8f9616a69909cec22531a01219e391bfe1df73a5151c872292fed1
20201106.0,4427566.331370019,Main,Baseline portfolio,49a0a4d1fd8f9616a69909cec22531a01219e391bfe1df73a5151c872292fed1
20201109.0,4386511.053141117,Main,Baseline portfolio,49a0a4d1fd8f9616a69909cec22531a01219e391bfe1df73a5151c872292fed1
20201110.0,4358657.998904544,Main,Baseline portfolio,49a0a4d1fd8f9616a69909cec22531a01219e391bfe1df73a5151c872292fed1
20201111.0,4397543.334187273,Main,Baseline portfolio,49a0a4d1fd8f9616a69909cec22531a01219e391bfe1df73a5151c872292fed1
20201112.0,4366497.089821305,Main,Baseline portfolio,49a0a4d1fd8f9616a69909cec22531a01219e391bfe1df73a5151c872292fed1
20201113.0,4403358.068815435,Main,Baseline portfolio,49a0a4d1fd8f9616a69909cec22531a01219e391bfe1df73a5151c872292fed1
20201116.0,4413140.872548127,Main,Baseline portfolio,49a0a4d1fd8f9616a69909cec22531a01219e391bfe1df73a5151c872292fed1
20201117.0,4433225.063502093,Main,Baseline portfolio,49a0a4d1fd8f9616a69909cec22531a01219e391bfe1df73a5151c872292fed1
20201118.0,4510329.038179561,Main,Baseline portfolio,49a0a4d1fd8f9616a69909cec22531a01219e391bfe1df73a5151c872292fed1
20201119.0,4548741.378374512,Main,Baseline portfolio,49a0a4d1fd8f9616a69909cec22531a01219e391bfe1df73a5151c872292fed1
20201120.0,4629585.576281018,Main,Baseline portfolio,49a0a4d1fd8f9616a69909cec22531a01219e391bfe1df73a5151c872292fed1
20201123.0,4654755.9801155245,Main,Baseline portfolio,49a0a4d1fd8f9616a69909cec22531a01219e391bfe1df73a5151c872292fed1
20201124.0,4642300.520224137,Main,Baseline portfolio,49a0a4d1fd8f9616a69909cec22531a01219e391bfe1df73a5151c872292fed1
20201125.0,4679109.55444442,Main,Baseline portfolio,49a0a4d1fd8f9616a69909cec22531a01219e391bfe1df73a5151c872292fed1
20201126.0,4726172.047551519,Main,Baseline portfolio,49a0a4d1fd8f9616a69909cec22531a01219e391bfe1df73a5151c872292fed1
20201127.0,4673771.566032712,Main,Baseline portfolio,49a0a4d1fd8f9616a69909cec22531a01219e391bfe1df73a5151c872292fed1
20201130.0,4791016.942141176,Main,Baseline portfolio,49a0a4d1fd8f9616a69909cec22531a01219e391bfe1df73a5151c872292fed1
20201201.0,4760833.4187787045,Main,Baseline portfolio,49a0a4d1fd8f9616a69909cec22531a01219e391bfe1df73a5151c872292fed1
20201202.0,4727072.7965578325,Main,Baseline portfolio,49a0a4d1fd8f9616a69909cec22531a01219e391bfe1df73a5151c872292fed1
20201203.0,4851713.158947346,Main,Baseline portfolio,49a0a4d1fd8f9616a69909cec22531a01219e391bfe1df73a5151c872292fed1
20201204.0,4845022.625301341,Main,Baseline portfolio,49a0a4d1fd8f9616a69909cec22531a01219e391bfe1df73a5151c872292fed1
20201207.0,4818697.83894827,Main,Baseline portfolio,49a0a4d1fd8f9616a69909cec22531a01219e391bfe1df73a5151c872292fed1
20201208.0,4749111.892348692,Main,Baseline portfolio,49a0a4d1fd8f9616a69909cec22531a01219e391bfe1df73a5151c872292fed1
20201209.0,4739039.256062081,Main,Baseline portfolio,49a0a4d1fd8f9616a69909cec22531a01219e391bfe1df73a5151c872292fed1
20201210.0,4664904.6045938255,Main,Baseline portfolio,49a0a4d1fd8f9616a69909cec22531a01219e391bfe1df73a5151c872292fed1
20201211.0,4735777.736282782,Main,Baseline portfolio,49a0a4d1fd8f9616a69909cec22531a01219e391bfe1df73a5151c872292fed1
20201214.0,4812529.677705892,Main,Baseline portfolio,49a0a4d1fd8f9616a69909cec22531a01219e391bfe1df73a5151c872292fed1
20201215.0,4791898.762492894,Main,Baseline portfolio,49a0a4d1fd8f9616a69909cec22531a01219e391bfe1df73a5151c872292fed1
20201216.0,4811187.51082603,Main,Baseline portfolio,49a0a4d1fd8f9616a69909cec22531a01219e391bfe1df73a5151c872292fed1
20201217.0,4832950.2736724615,Main,Baseline portfolio,49a0a4d1fd8f9616a69909cec22531a01219e391bfe1df73a5151c872292fed1
20201218.0,4874659.695358249,Main,Baseline portfolio,49a0a4d1fd8f9616a69909cec22531a01219e391bfe1df73a5151c872292fed1
20201221.0,4788778.55175238,Main,Baseline portfolio,49a0a4d1fd8f9616a69909cec22531a01219e391bfe1df73a5151c872292fed1
20201222.0,4844496.263059923,Main,Baseline portfolio,49a0a4d1fd8f9616a69909cec22531a01219e391bfe1df73a5151c872292fed1
20201223.0,4815410.6335050315,Main,Baseline portfolio,49a0a4d1fd8f9616a69909cec22531a01219e391bfe1df73a5151c872292fed1
20201224.0,4854665.501263462,Main,Baseline portfolio,49a0a4d1fd8f9616a69909cec22531a01219e391bfe1df73a5151c872292fed1
20201225.0,4910001.60739997,Main,Baseline portfolio,49a0a4d1fd8f9616a69909cec22531a01219e391bfe1df73a5151c872292fed1
20201228.0,5005912.960452165,Main,Baseline portfolio,49a0a4d1fd8f9616a69909cec22531a01219e391bfe1df73a5151c872292fed1
20201229.0,5068015.276059034,Main,Baseline portfolio,49a0a4d1fd8f9616a69909cec22531a01219e391bfe1df73a5151c872292fed1
20201230.0,5178875.170720534,Main,Baseline portfolio,49a0a4d1fd8f9616a69909cec22531a01219e391bfe1df73a5151c872292fed1
20201231.0,5431116.595052673,Main,Baseline portfolio,49a0a4d1fd8f9616a69909cec22531a01219e391bfe1df73a5151c872292fed1
20210104.0,5585989.764309544,Main,Baseline portfolio,49a0a4d1fd8f9616a69909cec22531a01219e391bfe1df73a5151c872292fed1
20210105.0,5609929.9697396485,Main,Baseline portfolio,49a0a4d1fd8f9616a69909cec22531a01219e391bfe1df73a5151c872292fed1
20210106.0,5568499.937462316,Main,Baseline portfolio,49a0a4d1fd8f9616a69909cec22531a01219e391bfe1df73a5151c872292fed1
20210107.0,5624475.84868954,Main,Baseline portfolio,49a0a4d1fd8f9616a69909cec22531a01219e391bfe1df73a5151c872292fed1
20210108.0,5616484.522326027,Main,Baseline portfolio,49a0a4d1fd8f9616a69909cec22531a01219e391bfe1df73a5151c872292fed1
20210111.0,5724851.403184312,Main,Baseline portfolio,49a0a4d1fd8f9616a69909cec22531a01219e391bfe1df73a5151c872292fed1
20210112.0,5766767.749288146,Main,Baseline portfolio,49a0a4d1fd8f9616a69909cec22531a01219e391bfe1df73a5151c872292fed1
20210113.0,5704488.732012373,Main,Baseline portfolio,49a0a4d1fd8f9616a69909cec22531a01219e391bfe1df73a5151c872292fed1
20210114.0,5717633.3807592,Main,Baseline portfolio,49a0a4d1fd8f9616a69909cec22531a01219e391bfe1df73a5151c872292fed1
20210115.0,5891171.868259709,Main,Baseline portfolio,49a0a4d1fd8f9616a69909cec22531a01219e391bfe1df73a5151c872292fed1
20210118.0,5892995.269973916,Main,Baseline portfolio,49a0a4d1fd8f9616a69909cec22531a01219e391bfe1df73a5151c872292fed1
20210119.0,5932062.1644391855,Main,Baseline portfolio,49a0a4d1fd8f9616a69909cec22531a01219e391bfe1df73a5151c872292fed1
20210120.0,6064607.782185892,Main,Baseline portfolio,49a0a4d1fd8f9616a69909cec22531a01219e391bfe1df73a5151c872292fed1
20210121.0,6093028.287060503,Main,Baseline portfolio,49a0a4d1fd8f9616a69909cec22531a01219e391bfe1df73a5151c872292fed1
20210122.0,6132022.48256215,Main,Baseline portfolio,49a0a4d1fd8f9616a69909cec22531a01219e391bfe1df73a5151c872292fed1
20210125.0,6016230.762879351,Main,Baseline portfolio,49a0a4d1fd8f9616a69909cec22531a01219e391bfe1df73a5151c872292fed1
20210126.0,6016483.813776129,Main,Baseline portfolio,49a0a4d1fd8f9616a69909cec22531a01219e391bfe1df73a5151c872292fed1
20210127.0,5921042.567219942,Main,Baseline portfolio,49a0a4d1fd8f9616a69909cec22531a01219e391bfe1df73a5151c872292fed1
20210128.0,5885510.750548035,Main,Baseline portfolio,49a0a4d1fd8f9616a69909cec22531a01219e391bfe1df73a5151c872292fed1
20210129.0,6031965.658227575,Main,Baseline portfolio,49a0a4d1fd8f9616a69909cec22531a01219e391bfe1df73a5151c872292fed1
20210201.0,6135139.885926401,Main,Baseline portfolio,49a0a4d1fd8f9616a69909cec22531a01219e391bfe1df73a5151c872292fed1
20210202.0,6133607.2157794675,Main,Baseline portfolio,49a0a4d1fd8f9616a69909cec22531a01219e391bfe1df73a5151c872292fed1
20210203.0,6143376.532498129,Main,Baseline portfolio,49a0a4d1fd8f9616a69909cec22531a01219e391bfe1df73a5151c872292fed1
20210204.0,6075734.54991828,Main,Baseline portfolio,49a0a4d1fd8f9616a69909cec22531a01219e391bfe1df73a5151c872292fed1
20210205.0,6209540.84909106,Main,Baseline portfolio,49a0a4d1fd8f9616a69909cec22531a01219e391bfe1df73a5151c872292fed1
20210208.0,6367935.217156642,Main,Baseline portfolio,49a0a4d1fd8f9616a69909cec22531a01219e391bfe1df73a5151c872292fed1
20210209.0,6489315.943543435,Main,Baseline portfolio,49a0a4d1fd8f9616a69909cec22531a01219e391bfe1df73a5151c872292fed1
20210210.0,6539364.982484851,Main,Baseline portfolio,49a0a4d1fd8f9616a69909cec22531a01219e391bfe1df73a5151c872292fed1
20210218.0,6665939.929510559,Main,Baseline portfolio,49a0a4d1fd8f9616a69909cec22531a01219e391bfe1df73a5151c872292fed1
20210219.0,6714766.522299563,Main,Baseline portfolio,49a0a4d1fd8f9616a69909cec22531a01219e391bfe1df73a5151c872292fed1
20210222.0,6741207.950748058,Main,Baseline portfolio,49a0a4d1fd8f9616a69909cec22531a01219e391bfe1df73a5151c872292fed1
20210223.0,6676138.877374696,Main,Baseline portfolio,49a0a4d1fd8f9616a69909cec22531a01219e391bfe1df73a5151c872292fed1
20210224.0,6647161.8563311035,Main,Baseline portfolio,49a0a4d1fd8f9616a69909cec22531a01219e391bfe1df73a5151c872292fed1
20210225.0,6550892.112442349,Main,Baseline portfolio,49a0a4d1fd8f9616a69909cec22531a01219e391bfe1df73a5151c872292fed1
20210226.0,6698400.931600605,Main,Baseline portfolio,49a0a4d1fd8f9616a69909cec22531a01219e391bfe1df73a5151c872292fed1
20210301.0,6693723.149695816,Main,Baseline portfolio,49a0a4d1fd8f9616a69909cec22531a01219e391bfe1df73a5151c872292fed1
20210302.0,6841037.54779523,Main,Baseline portfolio,49a0a4d1fd8f9616a69909cec22531a01219e391bfe1df73a5151c872292fed1
20210303.0,6764374.224280644,Main,Baseline portfolio,49a0a4d1fd8f9616a69909cec22531a01219e391bfe1df73a5151c872292fed1
20210304.0,6761156.703456217,Main,Baseline portfolio,49a0a4d1fd8f9616a69909cec22531a01219e391bfe1df73a5151c872292fed1
20210305.0,6624983.0151518965,Main,Baseline portfolio,49a0a4d1fd8f9616a69909cec22531a01219e391bfe1df73a5151c872292fed1
20210308.0,6544393.678361281,Main,Baseline portfolio,49a0a4d1fd8f9616a69909cec22531a01219e391bfe1df73a5151c872292fed1
20210309.0,6581858.12525748,Main,Baseline portfolio,49a0a4d1fd8f9616a69909cec22531a01219e391bfe1df73a5151c872292fed1
20210310.0,6897436.808057701,Main,Baseline portfolio,49a0a4d1fd8f9616a69909cec22531a01219e391bfe1df73a5151c872292fed1
20210311.0,7005589.4289036775,Main,Baseline portfolio,49a0a4d1fd8f9616a69909cec22531a01219e391bfe1df73a5151c872292fed1
20210312.0,6866908.336435926,Main,Baseline portfolio,49a0a4d1fd8f9616a69909cec22531a01219e391bfe1df73a5151c872292fed1
20210315.0,6908957.660540104,Main,Baseline portfolio,49a0a4d1fd8f9616a69909cec22531a01219e391bfe1df73a5151c872292fed1
20210316.0,6980399.26662586,Main,Baseline portfolio,49a0a4d1fd8f9616a69909cec22531a01219e391bfe1df73a5151c872292fed1
20210317.0,7056435.581429655,Main,Baseline portfolio,49a0a4d1fd8f9616a69909cec22531a01219e391bfe1df73a5151c872292fed1
20210318.0,6994335.389920682,Main,Baseline portfolio,49a0a4d1fd8f9616a69909cec22531a01219e391bfe1df73a5151c872292fed1
20210319.0,7061794.73444151,Main,Baseline portfolio,49a0a4d1fd8f9616a69909cec22531a01219e391bfe1df73a5151c872292fed1
20210322.0,6932904.053060308,Main,Baseline portfolio,49a0a4d1fd8f9616a69909cec22531a01219e391bfe1df73a5151c872292fed1
20210323.0,6783621.658405796,Main,Baseline portfolio,49a0a4d1fd8f9616a69909cec22531a01219e391bfe1df73a5151c872292fed1
20210324.0,6775846.383934716,Main,Baseline portfolio,49a0a4d1fd8f9616a69909cec22531a01219e391bfe1df73a5151c872292fed1
20210325.0,6898957.918396313,Main,Baseline portfolio,49a0a4d1fd8f9616a69909cec22531a01219e391bfe1df73a5151c872292fed1
20210326.0,6952363.022850769,Main,Baseline portfolio,49a0a4d1fd8f9616a69909cec22531a01219e391bfe1df73a5151c872292fed1
20210329.0,6980007.28481338,Main,Baseline portfolio,49a0a4d1fd8f9616a69909cec22531a01219e391bfe1df73a5151c872292fed1
20210330.0,6940717.329134138,Main,Baseline portfolio,49a0a4d1fd8f9616a69909cec22531a01219e391bfe1df73a5151c872292fed1
20210331.0,7013069.447116226,Main,Baseline portfolio,49a0a4d1fd8f9616a69909cec22531a01219e391bfe1df73a5151c872292fed1
20210401.0,7055006.895447502,Main,Baseline portfolio,49a0a4d1fd8f9616a69909cec22531a01219e391bfe1df73a5151c872292fed1
20210402.0,7082736.487803544,Main,Baseline portfolio,49a0a4d1fd8f9616a69909cec22531a01219e391bfe1df73a5151c872292fed1
20210406.0,7074859.166349014,Main,Baseline portfolio,49a0a4d1fd8f9616a69909cec22531a01219e391bfe1df73a5151c872292fed1
20210407.0,7100430.90417335,Main,Baseline portfolio,49a0a4d1fd8f9616a69909cec22531a01219e391bfe1df73a5151c872292fed1
20210408.0,7130404.653219247,Main,Baseline portfolio,49a0a4d1fd8f9616a69909cec22531a01219e391bfe1df73a5151c872292fed1
20210409.0,7005549.714318767,Main,Baseline portfolio,49a0a4d1fd8f9616a69909cec22531a01219e391bfe1df73a5151c872292fed1
20210412.0,7021756.659793198,Main,Baseline portfolio,49a0a4d1fd8f9616a69909cec22531a01219e391bfe1df73a5151c872292fed1
20210413.0,7187176.005757377,Main,Baseline portfolio,49a0a4d1fd8f9616a69909cec22531a01219e391bfe1df73a5151c872292fed1
20210414.0,7199936.002340933,Main,Baseline portfolio,49a0a4d1fd8f9616a69909cec22531a01219e391bfe1df73a5151c872292fed1
20210415.0,7247634.586793388,Main,Baseline portfolio,49a0a4d1fd8f9616a69909cec22531a01219e391bfe1df73a5151c872292fed1
20210416.0,7397510.33439174,Main,Baseline portfolio,49a0a4d1fd8f9616a69909cec22531a01219e391bfe1df73a5151c872292fed1
20210419.0,7409289.485642974,Main,Baseline portfolio,49a0a4d1fd8f9616a69909cec22531a01219e391bfe1df73a5151c872292fed1
20210420.0,7416939.319436817,Main,Baseline portfolio,49a0a4d1fd8f9616a69909cec22531a01219e391bfe1df73a5151c872292fed1
20210421.0,7398218.329776232,Main,Baseline portfolio,49a0a4d1fd8f9616a69909cec22531a01219e391bfe1df73a5151c872292fed1
20210422.0,7472474.8926746175,Main,Baseline portfolio,49a0a4d1fd8f9616a69909cec22531a01219e391bfe1df73a5151c872292fed1
20210423.0,7436191.275028819,Main,Baseline portfolio,49a0a4d1fd8f9616a69909cec22531a01219e391bfe1df73a5151c872292fed1
20210426.0,7451515.163579921,Main,Baseline portfolio,49a0a4d1fd8f9616a69909cec22531a01219e391bfe1df73a5151c872292fed1
20210427.0,7525320.687287678,Main,Baseline portfolio,49a0a4d1fd8f9616a69909cec22531a01219e391bfe1df73a5151c872292fed1
20210428.0,7506840.449916405,Main,Baseline portfolio,49a0a4d1fd8f9616a69909cec22531a01219e391bfe1df73a5151c872292fed1
20210429.0,7481489.689211328,Main,Baseline portfolio,49a0a4d1fd8f9616a69909cec22531a01219e391bfe1df73a5151c872292fed1
20210430.0,7438744.257818987,Main,Baseline portfolio,49a0a4d1fd8f9616a69909cec22531a01219e391bfe1df73a5151c872292fed1
20210506.0,7352370.086907173,Main,Baseline portfolio,49a0a4d1fd8f9616a69909cec22531a01219e391bfe1df73a5151c872292fed1
20210507.0,7323802.02987909,Main,Baseline portfolio,49a0a4d1fd8f9616a69909cec22531a01219e391bfe1df73a5151c872292fed1
20210510.0,7317837.106616351,Main,Baseline portfolio,49a0a4d1fd8f9616a69909cec22531a01219e391bfe1df73a5151c872292fed1
20210511.0,7390955.520323694,Main,Baseline portfolio,49a0a4d1fd8f9616a69909cec22531a01219e391bfe1df73a5151c872292fed1
20210512.0,7305052.5855692495,Main,Baseline portfolio,49a0a4d1fd8f9616a69909cec22531a01219e391bfe1df73a5151c872292fed1
20210513.0,7415229.125288786,Main,Baseline portfolio,49a0a4d1fd8f9616a69909cec22531a01219e391bfe1df73a5151c872292fed1
20210514.0,7438182.216879435,Main,Baseline portfolio,49a0a4d1fd8f9616a69909cec22531a01219e391bfe1df73a5151c872292fed1
20210517.0,7478361.649638449,Main,Baseline portfolio,49a0a4d1fd8f9616a69909cec22531a01219e391bfe1df73a5151c872292fed1
20210518.0,7614708.54663948,Main,Baseline portfolio,49a0a4d1fd8f9616a69909cec22531a01219e391bfe1df73a5151c872292fed1
20210519.0,7683569.29689366,Main,Baseline portfolio,49a0a4d1fd8f9616a69909cec22531a01219e391bfe1df73a5151c872292fed1
20210520.0,7759710.1183217885,Main,Baseline portfolio,49a0a4d1fd8f9616a69909cec22531a01219e391bfe1df73a5151c872292fed1
20210521.0,7722589.583733732,Main,Baseline portfolio,49a0a4d1fd8f9616a69909cec22531a01219e391bfe1df73a5151c872292fed1
20210524.0,7832901.103224431,Main,Baseline portfolio,49a0a4d1fd8f9616a69909cec22531a01219e391bfe1df73a5151c872292fed1
20210525.0,7907795.909477604,Main,Baseline portfolio,49a0a4d1fd8f9616a69909cec22531a01219e391bfe1df73a5151c872292fed1
20210526.0,7938639.458274704,Main,Baseline portfolio,49a0a4d1fd8f9616a69909cec22531a01219e391bfe1df73a5151c872292fed1
20210527.0,8020274.586202404,Main,Baseline portfolio,49a0a4d1fd8f9616a69909cec22531a01219e391bfe1df73a5151c872292fed1
20210528.0,8235977.111991461,Main,Baseline portfolio,49a0a4d1fd8f9616a69909cec22531a01219e391bfe1df73a5151c872292fed1
20210531.0,8382970.178313799,Main,Baseline portfolio,49a0a4d1fd8f9616a69909cec22531a01219e391bfe1df73a5151c872292fed1
20210601.0,8367493.3386924565,Main,Baseline portfolio,49a0a4d1fd8f9616a69909cec22531a01219e391bfe1df73a5151c872292fed1
20210602.0,8387701.67772746,Main,Baseline portfolio,49a0a4d1fd8f9616a69909cec22531a01219e391bfe1df73a5151c872292fed1
20210603.0,8439029.52235326,Main,Baseline portfolio,49a0a4d1fd8f9616a69909cec22531a01219e391bfe1df73a5151c872292fed1
20210604.0,8486146.734761516,Main,Baseline portfolio,49a0a4d1fd8f9616a69909cec22531a01219e391bfe1df73a5151c872292fed1
20210607.0,8340122.968976971,Main,Baseline portfolio,49a0a4d1fd8f9616a69909cec22531a01219e391bfe1df73a5151c872292fed1
20210608.0,8474040.252869627,Main,Baseline portfolio,49a0a4d1fd8f9616a69909cec22531a01219e391bfe1df73a5151c872292fed1
20210609.0,8665637.485175785,Main,Baseline portfolio,49a0a4d1fd8f9616a69909cec22531a01219e391bfe1df73a5151c872292fed1
20210610.0,8574613.109256206,Main,Baseline portfolio,49a0a4d1fd8f9616a69909cec22531a01219e391bfe1df73a5151c872292fed1
20210611.0,8819747.235207528,Main,Baseline portfolio,49a0a4d1fd8f9616a69909cec22531a01219e391bfe1df73a5151c872292fed1
20210615.0,8696169.241592031,Main,Baseline portfolio,49a0a4d1fd8f9616a69909cec22531a01219e391bfe1df73a5151c872292fed1
20210616.0,8713501.907362642,Main,Baseline portfolio,49a0a4d1fd8f9616a69909cec22531a01219e391bfe1df73a5151c872292fed1
20210617.0,8781782.327670373,Main,Baseline portfolio,49a0a4d1fd8f9616a69909cec22531a01219e391bfe1df73a5151c872292fed1
20210618.0,8878344.804091113,Main,Baseline portfolio,49a0a4d1fd8f9616a69909cec22531a01219e391bfe1df73a5151c872292fed1
20210621.0,8973623.42848273,Main,Baseline portfolio,49a0a4d1fd8f9616a69909cec22531a01219e391bfe1df73a5151c872292fed1
20210622.0,8975349.90684394,Main,Baseline portfolio,49a0a4d1fd8f9616a69909cec22531a01219e391bfe1df73a5151c872292fed1
20210623.0,8846799.422514062,Main,Baseline portfolio,49a0a4d1fd8f9616a69909cec22531a01219e391bfe1df73a5151c872292fed1
20210624.0,8892158.937259395,Main,Baseline portfolio,49a0a4d1fd8f9616a69909cec22531a01219e391bfe1df73a5151c872292fed1
20210625.0,9032918.977750108,Main,Baseline portfolio,49a0a4d1fd8f9616a69909cec22531a01219e391bfe1df73a5151c872292fed1
20210628.0,9141955.996683694,Main,Baseline portfolio,49a0a4d1fd8f9616a69909cec22531a01219e391bfe1df73a5151c872292fed1
20210629.0,9188277.022230739,Main,Baseline portfolio,49a0a4d1fd8f9616a69909cec22531a01219e391bfe1df73a5151c872292fed1
20210630.0,9150562.423710475,Main,Baseline portfolio,49a0a4d1fd8f9616a69909cec22531a01219e391bfe1df73a5151c872292fed1
20210701.0,9038577.248888452,Main,Baseline portfolio,49a0a4d1fd8f9616a69909cec22531a01219e391bfe1df73a5151c872292fed1
20210702.0,9188060.786847686,Main,Baseline portfolio,49a0a4d1fd8f9616a69909cec22531a01219e391bfe1df73a5151c872292fed1
20210705.0,9244796.680755494,Main,Baseline portfolio,49a0a4d1fd8f9616a69909cec22531a01219e391bfe1df73a5151c872292fed1
20210706.0,9299130.259941204,Main,Baseline portfolio,49a0a4d1fd8f9616a69909cec22531a01219e391bfe1df73a5151c872292fed1
20210707.0,9324898.646305792,Main,Baseline portfolio,49a0a4d1fd8f9616a69909cec22531a01219e391bfe1df73a5151c872292fed1
20210708.0,9436552.168330833,Main,Baseline portfolio,49a0a4d1fd8f9616a69909cec22531a01219e391bfe1df73a5151c872292fed1
20210709.0,9646301.43021996,Main,Baseline portfolio,49a0a4d1fd8f9616a69909cec22531a01219e391bfe1df73a5151c872292fed1
20210712.0,9735439.98325401,Main,Baseline portfolio,49a0a4d1fd8f9616a69909cec22531a01219e391bfe1df73a5151c872292fed1
20210713.0,9757541.95677632,Main,Baseline portfolio,49a0a4d1fd8f9616a69909cec22531a01219e391bfe1df73a5151c872292fed1
20210714.0,9832115.226500668,Main,Baseline portfolio,49a0a4d1fd8f9616a69909cec22531a01219e391bfe1df73a5151c872292fed1
20210715.0,9878910.492171241,Main,Baseline portfolio,49a0a4d1fd8f9616a69909cec22531a01219e391bfe1df73a5151c872292fed1
20210716.0,9916680.503045097,Main,Baseline portfolio,49a0a4d1fd8f9616a69909cec22531a01219e391bfe1df73a5151c872292fed1
20210719.0,9853894.07828029,Main,Baseline portfolio,49a0a4d1fd8f9616a69909cec22531a01219e391bfe1df73a5151c872292fed1
20210720.0,10048857.829422077,Main,Baseline portfolio,49a0a4d1fd8f9616a69909cec22531a01219e391bfe1df73a5151c872292fed1
20210721.0,10242427.259220982,Main,Baseline portfolio,49a0a4d1fd8f9616a69909cec22531a01219e391bfe1df73a5151c872292fed1
20210722.0,10213088.525868393,Main,Baseline portfolio,49a0a4d1fd8f9616a69909cec22531a01219e391bfe1df73a5151c872292fed1
20210723.0,9982784.002019556,Main,Baseline portfolio,49a0a4d1fd8f9616a69909cec22531a01219e391bfe1df73a5151c872292fed1
20210726.0,9625697.058471918,Main,Baseline portfolio,49a0a4d1fd8f9616a69909cec22531a01219e391bfe1df73a5151c872292fed1
20210727.0,9489337.40610177,Main,Baseline portfolio,49a0a4d1fd8f9616a69909cec22531a01219e391bfe1df73a5151c872292fed1
20210728.0,9693638.13066214,Main,Baseline portfolio,49a0a4d1fd8f9616a69909cec22531a01219e391bfe1df73a5151c872292fed1
20210729.0,9615882.542501701,Main,Baseline portfolio,49a0a4d1fd8f9616a69909cec22531a01219e391bfe1df73a5151c872292fed1
20210730.0,9793315.396033272,Main,Baseline portfolio,49a0a4d1fd8f9616a69909cec22531a01219e391bfe1df73a5151c872292fed1
20210802.0,9810075.035509609,Main,Baseline portfolio,49a0a4d1fd8f9616a69909cec22531a01219e391bfe1df73a5151c872292fed1
20210803.0,9978801.971001877,Main,Baseline portfolio,49a0a4d1fd8f9616a69909cec22531a01219e391bfe1df73a5151c872292fed1
20210804.0,9934527.36142715,Main,Baseline portfolio,49a0a4d1fd8f9616a69909cec22531a01219e391bfe1df73a5151c872292fed1
20210805.0,10044559.501585761,Main,Baseline portfolio,49a0a4d1fd8f9616a69909cec22531a01219e391bfe1df73a5151c872292fed1
20210806.0,10192744.125162827,Main,Baseline portfolio,49a0a4d1fd8f9616a69909cec22531a01219e391bfe1df73a5151c872292fed1
20210809.0,10301480.332032086,Main,Baseline portfolio,49a0a4d1fd8f9616a69909cec22531a01219e391bfe1df73a5151c872292fed1
20210810.0,10250023.603332588,Main,Baseline portfolio,49a0a4d1fd8f9616a69909cec22531a01219e391bfe1df73a5151c872292fed1
20210811.0,10282825.68042771,Main,Baseline portfolio,49a0a4d1fd8f9616a69909cec22531a01219e391bfe1df73a5151c872292fed1
20210812.0,10323529.120682226,Main,Baseline portfolio,49a0a4d1fd8f9616a69909cec22531a01219e391bfe1df73a5151c872292fed1
20210813.0,10393203.148623854,Main,Baseline portfolio,49a0a4d1fd8f9616a69909cec22531a01219e391bfe1df73a5151c872292fed1
20210816.0,10165502.504094696,Main,Baseline portfolio,49a0a4d1fd8f9616a69909cec22531a01219e391bfe1df73a5151c872292fed1
20210817.0,10199162.869499253,Main,Baseline portfolio,49a0a4d1fd8f9616a69909cec22531a01219e391bfe1df73a5151c872292fed1
20210818.0,10151470.087925063,Main,Baseline portfolio,49a0a4d1fd8f9616a69909cec22531a01219e391bfe1df73a5151c872292fed1
20210819.0,10010303.512427567,Main,Baseline portfolio,49a0a4d1fd8f9616a69909cec22531a01219e391bfe1df73a5151c872292fed1
20210820.0,10204146.985619064,Main,Baseline portfolio,49a0a4d1fd8f9616a69909cec22531a01219e391bfe1df73a5151c872292fed1
20210823.0,10249420.226520834,Main,Baseline portfolio,49a0a4d1fd8f9616a69909cec22531a01219e391bfe1df73a5151c872292fed1
20210824.0,10361650.003408492,Main,Baseline portfolio,49a0a4d1fd8f9616a69909cec22531a01219e391bfe1df73a5151c872292fed1
20210825.0,10208452.435934521,Main,Baseline portfolio,49a0a4d1fd8f9616a69909cec22531a01219e391bfe1df73a5151c872292fed1
20210826.0,10165563.426104292,Main,Baseline portfolio,49a0a4d1fd8f9616a69909cec22531a01219e391bfe1df73a5151c872292fed1
20210827.0,10170825.501594763,Main,Baseline portfolio,49a0a4d1fd8f9616a69909cec22531a01219e391bfe1df73a5151c872292fed1
20210830.0,10145973.497314885,Main,Baseline portfolio,49a0a4d1fd8f9616a69909cec22531a01219e391bfe1df73a5151c872292fed1
20210831.0,10225865.721196031,Main,Baseline portfolio,49a0a4d1fd8f9616a69909cec22531a01219e391bfe1df73a5151c872292fed1
20210901.0,10252811.07443926,Main,Baseline portfolio,49a0a4d1fd8f9616a69909cec22531a01219e391bfe1df73a5151c872292fed1
20210902.0,10242407.696158359,Main,Baseline portfolio,49a0a4d1fd8f9616a69909cec22531a01219e391bfe1df73a5151c872292fed1
20210903.0,10367006.209184106,Main,Baseline portfolio,49a0a4d1fd8f9616a69909cec22531a01219e391bfe1df73a5151c872292fed1
20210906.0,10477378.862791931,Main,Baseline portfolio,49a0a4d1fd8f9616a69909cec22531a01219e391bfe1df73a5151c872292fed1
20210907.0,10575632.140689483,Main,Baseline portfolio,49a0a4d1fd8f9616a69909cec22531a01219e391bfe1df73a5151c872292fed1
20210908.0,10559837.758004589,Main,Baseline portfolio,49a0a4d1fd8f9616a69909cec22531a01219e391bfe1df73a5151c872292fed1
20210909.0,10613333.174406175,Main,Baseline portfolio,49a0a4d1fd8f9616a69909cec22531a01219e391bfe1df73a5151c872292fed1
20210910.0,10672676.2804924,Main,Baseline portfolio,49a0a4d1fd8f9616a69909cec22531a01219e391bfe1df73a5151c872292fed1
20210913.0,10703069.66684346,Main,Baseline portfolio,49a0a4d1fd8f9616a69909cec22531a01219e391bfe1df73a5151c872292fed1
20210914.0,10765305.506589698,Main,Baseline portfolio,49a0a4d1fd8f9616a69909cec22531a01219e391bfe1df73a5151c872292fed1
20210915.0,10562471.018696873,Main,Baseline portfolio,49a0a4d1fd8f9616a69909cec22531a01219e391bfe1df73a5151c872292fed1
20210916.0,10408678.346603636,Main,Baseline portfolio,49a0a4d1fd8f9616a69909cec22531a01219e391bfe1df73a5151c872292fed1
20210917.0,10482631.410070946,Main,Baseline portfolio,49a0a4d1fd8f9616a69909cec22531a01219e391bfe1df73a5151c872292fed1
20210922.0,10810002.955940153,Main,Baseline portfolio,49a0a4d1fd8f9616a69909cec22531a01219e391bfe1df73a5151c872292fed1
20210923.0,10680113.4627642,Main,Baseline portfolio,49a0a4d1fd8f9616a69909cec22531a01219e391bfe1df73a5151c872292fed1
20210924.0,10535671.625944383,Main,Baseline portfolio,49a0a4d1fd8f9616a69909cec22531a01219e391bfe1df73a5151c872292fed1
20210927.0,10459526.808733415,Main,Baseline portfolio,49a0a4d1fd8f9616a69909cec22531a01219e391bfe1df73a5151c872292fed1
20210928.0,10337025.5281024,Main,Baseline portfolio,49a0a4d1fd8f9616a69909cec22531a01219e391bfe1df73a5151c872292fed1
20210929.0,10539961.409224069,Main,Baseline portfolio,49a0a4d1fd8f9616a69909cec22531a01219e391bfe1df73a5151c872292fed1
20210930.0,10788099.207002463,Main,Baseline portfolio,49a0a4d1fd8f9616a69909cec22531a01219e391bfe1df73a5151c872292fed1
20211008.0,10771125.981622672,Main,Baseline portfolio,49a0a4d1fd8f9616a69909cec22531a01219e391bfe1df73a5151c872292fed1
20211011.0,10674850.84707977,Main,Baseline portfolio,49a0a4d1fd8f9616a69909cec22531a01219e391bfe1df73a5151c872292fed1
20211012.0,10905123.005440278,Main,Baseline portfolio,49a0a4d1fd8f9616a69909cec22531a01219e391bfe1df73a5151c872292fed1
20211013.0,10982155.760062318,Main,Baseline portfolio,49a0a4d1fd8f9616a69909cec22531a01219e391bfe1df73a5151c872292fed1
20211014.0,11158489.729581852,Main,Baseline portfolio,49a0a4d1fd8f9616a69909cec22531a01219e391bfe1df73a5151c872292fed1
20211015.0,11066368.689574372,Main,Baseline portfolio,49a0a4d1fd8f9616a69909cec22531a01219e391bfe1df73a5151c872292fed1
20211018.0,11281698.17691703,Main,Baseline portfolio,49a0a4d1fd8f9616a69909cec22531a01219e391bfe1df73a5151c872292fed1
20211019.0,11217189.270581491,Main,Baseline portfolio,49a0a4d1fd8f9616a69909cec22531a01219e391bfe1df73a5151c872292fed1
20211020.0,11336522.350973986,Main,Baseline portfolio,49a0a4d1fd8f9616a69909cec22531a01219e391bfe1df73a5151c872292fed1
20211021.0,11348890.106379401,Main,Baseline portfolio,49a0a4d1fd8f9616a69909cec22531a01219e391bfe1df73a5151c872292fed1
20211022.0,11429569.942235267,Main,Baseline portfolio,49a0a4d1fd8f9616a69909cec22531a01219e391bfe1df73a5151c872292fed1
20211025.0,11446002.236359468,Main,Baseline portfolio,49a0a4d1fd8f9616a69909cec22531a01219e391bfe1df73a5151c872292fed1
20211026.0,11315286.164189447,Main,Baseline portfolio,49a0a4d1fd8f9616a69909cec22531a01219e391bfe1df73a5151c872292fed1
20211027.0,11339677.320944257,Main,Baseline portfolio,49a0a4d1fd8f9616a69909cec22531a01219e391bfe1df73a5151c872292fed1
20211028.0,11469833.361502787,Main,Baseline portfolio,49a0a4d1fd8f9616a69909cec22531a01219e391bfe1df73a5151c872292fed1
20211029.0,11536448.090939447,Main,Baseline portfolio,49a0a4d1fd8f9616a69909cec22531a01219e391bfe1df73a5151c872292fed1
20211101.0,11508935.307009375,Main,Baseline portfolio,49a0a4d1fd8f9616a69909cec22531a01219e391bfe1df73a5151c872292fed1
20211102.0,11521452.308707649,Main,Baseline portfolio,49a0a4d1fd8f9616a69909cec22531a01219e391bfe1df73a5151c872292fed1
20211103.0,11663288.98126963,Main,Baseline portfolio,49a0a4d1fd8f9616a69909cec22531a01219e391bfe1df73a5151c872292fed1
20211104.0,11520204.937153103,Main,Baseline portfolio,49a0a4d1fd8f9616a69909cec22531a01219e391bfe1df73a5151c872292fed1
20211105.0,11479510.305556765,Main,Baseline portfolio,49a0a4d1fd8f9616a69909cec22531a01219e391bfe1df73a5151c872292fed1
20211108.0,11530993.408740567,Main,Baseline portfolio,49a0a4d1fd8f9616a69909cec22531a01219e391bfe1df73a5151c872292fed1
20211109.0,11428839.71647341,Main,Baseline portfolio,49a0a4d1fd8f9616a69909cec22531a01219e391bfe1df73a5151c872292fed1
20211110.0,11601798.33673419,Main,Baseline portfolio,49a0a4d1fd8f9616a69909cec22531a01219e391bfe1df73a5151c872292fed1
20211111.0,11809055.37228809,Main,Baseline portfolio,49a0a4d1fd8f9616a69909cec22531a01219e391bfe1df73a5151c872292fed1
20211112.0,11680926.663266655,Main,Baseline portfolio,49a0a4d1fd8f9616a69909cec22531a01219e391bfe1df73a5151c872292fed1
20211115.0,11556514.188166497,Main,Baseline portfolio,49a0a4d1fd8f9616a69909cec22531a01219e391bfe1df73a5151c872292fed1
20211116.0,11601877.474999348,Main,Baseline portfolio,49a0a4d1fd8f9616a69909cec22531a01219e391bfe1df73a5151c872292fed1
20211117.0,11693899.18642533,Main,Baseline portfolio,49a0a4d1fd8f9616a69909cec22531a01219e391bfe1df73a5151c872292fed1
20211118.0,11758423.61036413,Main,Baseline portfolio,49a0a4d1fd8f9616a69909cec22531a01219e391bfe1df73a5151c872292fed1
20211119.0,11960744.809797816,Main,Baseline portfolio,49a0a4d1fd8f9616a69909cec22531a01219e391bfe1df73a5151c872292fed1
20211122.0,11997852.949448366,Main,Baseline portfolio,49a0a4d1fd8f9616a69909cec22531a01219e391bfe1df73a5151c872292fed1
20211123.0,12083680.336146774,Main,Baseline portfolio,49a0a4d1fd8f9616a69909cec22531a01219e391bfe1df73a5151c872292fed1
20211124.0,12070175.70610981,Main,Baseline portfolio,49a0a4d1fd8f9616a69909cec22531a01219e391bfe1df73a5151c872292fed1
20211125.0,11981108.031945433,Main,Baseline portfolio,49a0a4d1fd8f9616a69909cec22531a01219e391bfe1df73a5151c872292fed1
20211126.0,12129901.953408267,Main,Baseline portfolio,49a0a4d1fd8f9616a69909cec22531a01219e391bfe1df73a5151c872292fed1
20211129.0,12214403.048238758,Main,Baseline portfolio,49a0a4d1fd8f9616a69909cec22531a01219e391bfe1df73a5151c872292fed1
20211130.0,12152632.301895797,Main,Baseline portfolio,49a0a4d1fd8f9616a69909cec22531a01219e391bfe1df73a5151c872292fed1
20211201.0,12178213.374767656,Main,Baseline portfolio,49a0a4d1fd8f9616a69909cec22531a01219e391bfe1df73a5151c872292fed1
20211202.0,12217415.549884373,Main,Baseline portfolio,49a0a4d1fd8f9616a69909cec22531a01219e391bfe1df73a5151c872292fed1
20211203.0,11965854.89560409,Main,Baseline portfolio,49a0a4d1fd8f9616a69909cec22531a01219e391bfe1df73a5151c872292fed1
20211206.0,11795949.46051718,Main,Baseline portfolio,49a0a4d1fd8f9616a69909cec22531a01219e391bfe1df73a5151c872292fed1
20211207.0,12059108.901520075,Main,Baseline portfolio,49a0a4d1fd8f9616a69909cec22531a01219e391bfe1df73a5151c872292fed1
20211208.0,12186639.794876045,Main,Baseline portfolio,49a0a4d1fd8f9616a69909cec22531a01219e391bfe1df73a5151c872292fed1
20211209.0,12237531.4931798,Main,Baseline portfolio,49a0a4d1fd8f9616a69909cec22531a01219e391bfe1df73a5151c872292fed1
20211210.0,12338596.926761067,Main,Baseline portfolio,49a0a4d1fd8f9616a69909cec22531a01219e391bfe1df73a5151c872292fed1
20211213.0,12371333.478257345,Main,Baseline portfolio,49a0a4d1fd8f9616a69909cec22531a01219e391bfe1df73a5151c872292fed1
20211214.0,12558617.998211263,Main,Baseline portfolio,49a0a4d1fd8f9616a69909cec22531a01219e391bfe1df73a5151c872292fed1
20211215.0,12530474.083832998,Main,Baseline portfolio,49a0a4d1fd8f9616a69909cec22531a01219e391bfe1df73a5151c872292fed1
20211216.0,12333414.161942378,Main,Baseline portfolio,49a0a4d1fd8f9616a69909cec22531a01219e391bfe1df73a5151c872292fed1
20211217.0,12093134.97652793,Main,Baseline portfolio,49a0a4d1fd8f9616a69909cec22531a01219e391bfe1df73a5151c872292fed1
20211220.0,12152017.657087304,Main,Baseline portfolio,49a0a4d1fd8f9616a69909cec22531a01219e391bfe1df73a5151c872292fed1
20211221.0,12246260.626561208,Main,Baseline portfolio,49a0a4d1fd8f9616a69909cec22531a01219e391bfe1df73a5151c872292fed1
20211222.0,12445027.48400396,Main,Baseline portfolio,49a0a4d1fd8f9616a69909cec22531a01219e391bfe1df73a5151c872292fed1
20211223.0,12321338.292654213,Main,Baseline portfolio,49a0a4d1fd8f9616a69909cec22531a01219e391bfe1df73a5151c872292fed1
20211224.0,12194721.034968715,Main,Baseline portfolio,49a0a4d1fd8f9616a69909cec22531a01219e391bfe1df73a5151c872292fed1
20211227.0,12141897.45068104,Main,Baseline portfolio,49a0a4d1fd8f9616a69909cec22531a01219e391bfe1df73a5151c872292fed1
20211228.0,11982746.875649884,Main,Baseline portfolio,49a0a4d1fd8f9616a69909cec22531a01219e391bfe1df73a5151c872292fed1
20211229.0,12140777.292639518,Main,Baseline portfolio,49a0a4d1fd8f9616a69909cec22531a01219e391bfe1df73a5151c872292fed1
20211230.0,12156477.296153007,Main,Baseline portfolio,49a0a4d1fd8f9616a69909cec22531a01219e391bfe1df73a5151c872292fed1
20211231.0,11998771.854856592,Main,Baseline portfolio,49a0a4d1fd8f9616a69909cec22531a01219e391bfe1df73a5151c872292fed1
20220104.0,11804394.158145402,Main,Baseline portfolio,49a0a4d1fd8f9616a69909cec22531a01219e391bfe1df73a5151c872292fed1
20220105.0,11787043.049401026,Main,Baseline portfolio,49a0a4d1fd8f9616a69909cec22531a01219e391bfe1df73a5151c872292fed1
20220106.0,11694127.079659732,Main,Baseline portfolio,49a0a4d1fd8f9616a69909cec22531a01219e391bfe1df73a5151c872292fed1
20220107.0,11739794.741660606,Main,Baseline portfolio,49a0a4d1fd8f9616a69909cec22531a01219e391bfe1df73a5151c872292fed1
20220110.0,11615634.397888087,Main,Baseline portfolio,49a0a4d1fd8f9616a69909cec22531a01219e391bfe1df73a5151c872292fed1
20220111.0,11751560.31762884,Main,Baseline portfolio,49a0a4d1fd8f9616a69909cec22531a01219e391bfe1df73a5151c872292fed1
20220112.0,11625196.279619252,Main,Baseline portfolio,49a0a4d1fd8f9616a69909cec22531a01219e391bfe1df73a5151c872292fed1
20220113.0,11716022.717929104,Main,Baseline portfolio,49a0a4d1fd8f9616a69909cec22531a01219e391bfe1df73a5151c872292fed1
20220114.0,11850545.943673141,Main,Baseline portfolio,49a0a4d1fd8f9616a69909cec22531a01219e391bfe1df73a5151c872292fed1
20220117.0,12004753.274238449,Main,Baseline portfolio,49a0a4d1fd8f9616a69909cec22531a01219e391bfe1df73a5151c872292fed1
20220118.0,11960355.357959224,Main,Baseline portfolio,49a0a4d1fd8f9616a69909cec22531a01219e391bfe1df73a5151c872292fed1
20220119.0,11804018.53490965,Main,Baseline portfolio,49a0a4d1fd8f9616a69909cec22531a01219e391bfe1df73a5151c872292fed1
20220120.0,11596812.097826365,Main,Baseline portfolio,49a0a4d1fd8f9616a69909cec22531a01219e391bfe1df73a5151c872292fed1
20220121.0,11730134.360733595,Main,Baseline portfolio,49a0a4d1fd8f9616a69909cec22531a01219e391bfe1df73a5151c872292fed1
20220124.0,11492649.45240636,Main,Baseline portfolio,49a0a4d1fd8f9616a69909cec22531a01219e391bfe1df73a5151c872292fed1
20220125.0,11570302.679402255,Main,Baseline portfolio,49a0a4d1fd8f9616a69909cec22531a01219e391bfe1df73a5151c872292fed1
20220126.0,11320606.972397517,Main,Baseline portfolio,49a0a4d1fd8f9616a69909cec22531a01219e391bfe1df73a5151c872292fed1
20220127.0,11273596.092451064,Main,Baseline portfolio,49a0a4d1fd8f9616a69909cec22531a01219e391bfe1df73a5151c872292fed1
20220128.0,11293262.504584767,Main,Baseline portfolio,49a0a4d1fd8f9616a69909cec22531a01219e391bfe1df73a5151c872292fed1
20220207.0,11369103.257987404,Main,Baseline portfolio,49a0a4d1fd8f9616a69909cec22531a01219e391bfe1df73a5151c872292fed1
20220208.0,11570402.895610806,Main,Baseline portfolio,49a0a4d1fd8f9616a69909cec22531a01219e391bfe1df73a5151c872292fed1
20220209.0,11500718.118101435,Main,Baseline portfolio,49a0a4d1fd8f9616a69909cec22531a01219e391bfe1df73a5151c872292fed1
20220210.0,11366466.730033536,Main,Baseline portfolio,49a0a4d1fd8f9616a69909cec22531a01219e391bfe1df73a5151c872292fed1
20220216.0,11323491.667535977,Main,Baseline portfolio,49a0a4d1fd8f9616a69909cec22531a01219e391bfe1df73a5151c872292fed1
20220217.0,11401348.88914582,Main,Baseline portfolio,49a0a4d1fd8f9616a69909cec22531a01219e391bfe1df73a5151c872292fed1
20220218.0,11588479.764372468,Main,Baseline portfolio,49a0a4d1fd8f9616a69909cec22531a01219e391bfe1df73a5151c872292fed1
20220221.0,11447286.098767187,Main,Baseline portfolio,49a0a4d1fd8f9616a69909cec22531a01219e391bfe1df73a5151c872292fed1
20220222.0,11677469.664611615,Main,Baseline portfolio,49a0a4d1fd8f9616a69909cec22531a01219e391bfe1df73a5151c872292fed1
20220223.0,11491604.461735748,Main,Baseline portfolio,49a0a4d1fd8f9616a69909cec22531a01219e391bfe1df73a5151c872292fed1
20220224.0,11518248.11186163,Main,Baseline portfolio,49a0a4d1fd8f9616a69909cec22531a01219e391bfe1df73a5151c872292fed1
20220225.0,11423292.728315337,Main,Baseline portfolio,49a0a4d1fd8f9616a69909cec22531a01219e391bfe1df73a5151c872292fed1
20220228.0,11388936.63570313,Main,Baseline portfolio,49a0a4d1fd8f9616a69909cec22531a01219e391bfe1df73a5151c872292fed1
20220301.0,11380576.289750934,Main,Baseline portfolio,49a0a4d1fd8f9616a69909cec22531a01219e391bfe1df73a5151c872292fed1
20220302.0,11174752.277147781,Main,Baseline portfolio,49a0a4d1fd8f9616a69909cec22531a01219e391bfe1df73a5151c872292fed1
20220303.0,11152294.443770459,Main,Baseline portfolio,49a0a4d1fd8f9616a69909cec22531a01219e391bfe1df73a5151c872292fed1
20220304.0,10793759.535331577,Main,Baseline portfolio,49a0a4d1fd8f9616a69909cec22531a01219e391bfe1df73a5151c872292fed1
20220307.0,10386695.171720492,Main,Baseline portfolio,49a0a4d1fd8f9616a69909cec22531a01219e391bfe1df73a5151c872292fed1
20220308.0,10498739.610586917,Main,Baseline portfolio,49a0a4d1fd8f9616a69909cec22531a01219e391bfe1df73a5151c872292fed1
20220309.0,10606006.812105613,Main,Baseline portfolio,49a0a4d1fd8f9616a69909cec22531a01219e391bfe1df73a5151c872292fed1
20220310.0,10600485.989851091,Main,Baseline portfolio,49a0a4d1fd8f9616a69909cec22531a01219e391bfe1df73a5151c872292fed1
20220311.0,10240725.124754736,Main,Baseline portfolio,49a0a4d1fd8f9616a69909cec22531a01219e391bfe1df73a5151c872292fed1
20220314.0,9683869.449762046,Main,Baseline portfolio,49a0a4d1fd8f9616a69909cec22531a01219e391bfe1df73a5151c872292fed1
20220315.0,9968038.994332647,Main,Baseline portfolio,49a0a4d1fd8f9616a69909cec22531a01219e391bfe1df73a5151c872292fed1
20220316.0,10107511.806204088,Main,Baseline portfolio,49a0a4d1fd8f9616a69909cec22531a01219e391bfe1df73a5151c872292fed1
20220317.0,10168457.784880495,Main,Baseline portfolio,49a0a4d1fd8f9616a69909cec22531a01219e391bfe1df73a5151c872292fed1
20220318.0,10146785.824901741,Main,Baseline portfolio,49a0a4d1fd8f9616a69909cec22531a01219e391bfe1df73a5151c872292fed1
20220321.0,10142337.233865736,Main,Baseline portfolio,49a0a4d1fd8f9616a69909cec22531a01219e391bfe1df73a5151c872292fed1
20220322.0,10168314.701292932,Main,Baseline portfolio,49a0a4d1fd8f9616a69909cec22531a01219e391bfe1df73a5151c872292fed1
20220323.0,10058673.452079447,Main,Baseline portfolio,49a0a4d1fd8f9616a69909cec22531a01219e391bfe1df73a5151c872292fed1
20220324.0,9811896.600302238,Main,Baseline portfolio,49a0a4d1fd8f9616a69909cec22531a01219e391bfe1df73a5151c872292fed1
20220325.0,9742303.641055917,Main,Baseline portfolio,49a0a4d1fd8f9616a69909cec22531a01219e391bfe1df73a5151c872292fed1
20220328.0,9739473.847903123,Main,Baseline portfolio,49a0a4d1fd8f9616a69909cec22531a01219e391bfe1df73a5151c872292fed1
20220329.0,9901740.958421156,Main,Baseline portfolio,49a0a4d1fd8f9616a69909cec22531a01219e391bfe1df73a5151c872292fed1
20220330.0,9815897.125179345,Main,Baseline portfolio,49a0a4d1fd8f9616a69909cec22531a01219e391bfe1df73a5151c872292fed1
20220331.0,9893373.03604958,Main,Baseline portfolio,49a0a4d1fd8f9616a69909cec22531a01219e391bfe1df73a5151c872292fed1
20220401.0,9858994.076435229,Main,Baseline portfolio,49a0a4d1fd8f9616a69909cec22531a01219e391bfe1df73a5151c872292fed1
20220406.0,9683810.850455536,Main,Baseline portfolio,49a0a4d1fd8f9616a69909cec22531a01219e391bfe1df73a5151c872292fed1
20220407.0,9676843.37505108,Main,Baseline portfolio,49a0a4d1fd8f9616a69909cec22531a01219e391bfe1df73a5151c872292fed1
20220408.0,9390051.525921432,Main,Baseline portfolio,49a0a4d1fd8f9616a69909cec22531a01219e391bfe1df73a5151c872292fed1
20220411.0,9459774.515428051,Main,Baseline portfolio,49a0a4d1fd8f9616a69909cec22531a01219e391bfe1df73a5151c872292fed1
20220412.0,9320264.613864983,Main,Baseline portfolio,49a0a4d1fd8f9616a69909cec22531a01219e391bfe1df73a5151c872292fed1
20220413.0,9437872.496904653,Main,Baseline portfolio,49a0a4d1fd8f9616a69909cec22531a01219e391bfe1df73a5151c872292fed1
20220414.0,9423393.75174158,Main,Baseline portfolio,49a0a4d1fd8f9616a69909cec22531a01219e391bfe1df73a5151c872292fed1
20220415.0,9504370.285783935,Main,Baseline portfolio,49a0a4d1fd8f9616a69909cec22531a01219e391bfe1df73a5151c872292fed1
20220418.0,9456707.204398572,Main,Baseline portfolio,49a0a4d1fd8f9616a69909cec22531a01219e391bfe1df73a5151c872292fed1
20220419.0,9378829.936262125,Main,Baseline portfolio,49a0a4d1fd8f9616a69909cec22531a01219e391bfe1df73a5151c872292fed1
20220420.0,9102584.012736747,Main,Baseline portfolio,49a0a4d1fd8f9616a69909cec22531a01219e391bfe1df73a5151c872292fed1
20220421.0,9082972.931741124,Main,Baseline portfolio,49a0a4d1fd8f9616a69909cec22531a01219e391bfe1df73a5151c872292fed1
20220422.0,8585868.223790394,Main,Baseline portfolio,49a0a4d1fd8f9616a69909cec22531a01219e391bfe1df73a5151c872292fed1
20220425.0,8329417.516869141,Main,Baseline portfolio,49a0a4d1fd8f9616a69909cec22531a01219e391bfe1df73a5151c872292fed1
20220426.0,8616069.383009719,Main,Baseline portfolio,49a0a4d1fd8f9616a69909cec22531a01219e391bfe1df73a5151c872292fed1
20220427.0,8650343.531088911,Main,Baseline portfolio,49a0a4d1fd8f9616a69909cec22531a01219e391bfe1df73a5151c872292fed1
20220428.0,8903400.276595477,Main,Baseline portfolio,49a0a4d1fd8f9616a69909cec22531a01219e391bfe1df73a5151c872292fed1
20220429.0,9039179.719230212,Main,Baseline portfolio,49a0a4d1fd8f9616a69909cec22531a01219e391bfe1df73a5151c872292fed1
20220505.0,8880879.844602026,Main,Baseline portfolio,49a0a4d1fd8f9616a69909cec22531a01219e391bfe1df73a5151c872292fed1
20220506.0,8896257.061915807,Main,Baseline portfolio,49a0a4d1fd8f9616a69909cec22531a01219e391bfe1df73a5151c872292fed1
20220509.0,9033124.859768013,Main,Baseline portfolio,49a0a4d1fd8f9616a69909cec22531a01219e391bfe1df73a5151c872292fed1
20220510.0,9213560.235816382,Main,Baseline portfolio,49a0a4d1fd8f9616a69909cec22531a01219e391bfe1df73a5151c872292fed1
20220511.0,9217369.737183632,Main,Baseline portfolio,49a0a4d1fd8f9616a69909cec22531a01219e391bfe1df73a5151c872292fed1
20220512.0,9265552.156374315,Main,Baseline portfolio,49a0a4d1fd8f9616a69909cec22531a01219e391bfe1df73a5151c872292fed1
20220513.0,9225770.133666778,Main,Baseline portfolio,49a0a4d1fd8f9616a69909cec22531a01219e391bfe1df73a5151c872292fed1
20220516.0,9255045.131587667,Main,Baseline portfolio,49a0a4d1fd8f9616a69909cec22531a01219e391bfe1df73a5151c872292fed1
20220517.0,9295680.47525862,Main,Baseline portfolio,49a0a4d1fd8f9616a69909cec22531a01219e391bfe1df73a5151c872292fed1
20220518.0,9348805.575142488,Main,Baseline portfolio,49a0a4d1fd8f9616a69909cec22531a01219e391bfe1df73a5151c872292fed1
20220519.0,9479943.738918066,Main,Baseline portfolio,49a0a4d1fd8f9616a69909cec22531a01219e391bfe1df73a5151c872292fed1
20220520.0,9532270.691281479,Main,Baseline portfolio,49a0a4d1fd8f9616a69909cec22531a01219e391bfe1df73a5151c872292fed1
20220523.0,9279566.505217094,Main,Baseline portfolio,49a0a4d1fd8f9616a69909cec22531a01219e391bfe1df73a5151c872292fed1
20220524.0,9383561.716201784,Main,Baseline portfolio,49a0a4d1fd8f9616a69909cec22531a01219e391bfe1df73a5151c872292fed1
20220525.0,9467120.351312988,Main,Baseline portfolio,49a0a4d1fd8f9616a69909cec22531a01219e391bfe1df73a5151c872292fed1
20220526.0,9494733.961273268,Main,Baseline portfolio,49a0a4d1fd8f9616a69909cec22531a01219e391bfe1df73a5151c872292fed1
20220527.0,9602047.410590142,Main,Baseline portfolio,49a0a4d1fd8f9616a69909cec22531a01219e391bfe1df73a5151c872292fed1
20220530.0,9749507.811198745,Main,Baseline portfolio,49a0a4d1fd8f9616a69909cec22531a01219e391bfe1df73a5151c872292fed1
20220531.0,9738412.350633983,Main,Baseline portfolio,49a0a4d1fd8f9616a69909cec22531a01219e391bfe1df73a5151c872292fed1
20220601.0,9782690.55434761,Main,Baseline portfolio,49a0a4d1fd8f9616a69909cec22531a01219e391bfe1df73a5151c872292fed1
20220602.0,10106992.710735366,Main,Baseline portfolio,49a0a4d1fd8f9616a69909cec22531a01219e391bfe1df73a5151c872292fed1
20220606.0,10101783.633805074,Main,Baseline portfolio,49a0a4d1fd8f9616a69909cec22531a01219e391bfe1df73a5151c872292fed1
20220607.0,10234197.616126414,Main,Baseline portfolio,49a0a4d1fd8f9616a69909cec22531a01219e391bfe1df73a5151c872292fed1
20220608.0,10053088.757455423,Main,Baseline portfolio,49a0a4d1fd8f9616a69909cec22531a01219e391bfe1df73a5151c872292fed1
20220609.0,10401722.377804235,Main,Baseline portfolio,49a0a4d1fd8f9616a69909cec22531a01219e391bfe1df73a5151c872292fed1
20220610.0,10550164.946066637,Main,Baseline portfolio,49a0a4d1fd8f9616a69909cec22531a01219e391bfe1df73a5151c872292fed1
20220613.0,10704740.162427958,Main,Baseline portfolio,49a0a4d1fd8f9616a69909cec22531a01219e391bfe1df73a5151c872292fed1
20220614.0,10775834.619979184,Main,Baseline portfolio,49a0a4d1fd8f9616a69909cec22531a01219e391bfe1df73a5151c872292fed1
20220615.0,10981398.908813864,Main,Baseline portfolio,49a0a4d1fd8f9616a69909cec22531a01219e391bfe1df73a5151c872292fed1
20220616.0,11077958.173896834,Main,Baseline portfolio,49a0a4d1fd8f9616a69909cec22531a01219e391bfe1df73a5151c872292fed1
20220617.0,11158587.259532012,Main,Baseline portfolio,49a0a4d1fd8f9616a69909cec22531a01219e391bfe1df73a5151c872292fed1
20220620.0,11124850.785120135,Main,Baseline portfolio,49a0a4d1fd8f9616a69909cec22531a01219e391bfe1df73a5151c872292fed1
20220621.0,11179979.827986276,Main,Baseline portfolio,49a0a4d1fd8f9616a69909cec22531a01219e391bfe1df73a5151c872292fed1
20220622.0,11162435.98738502,Main,Baseline portfolio,49a0a4d1fd8f9616a69909cec22531a01219e391bfe1df73a5151c872292fed1
20220623.0,11412197.25626352,Main,Baseline portfolio,49a0a4d1fd8f9616a69909cec22531a01219e391bfe1df73a5151c872292fed1
20220624.0,11706866.644900246,Main,Baseline portfolio,49a0a4d1fd8f9616a69909cec22531a01219e391bfe1df73a5151c872292fed1
20220627.0,12095549.55882225,Main,Baseline portfolio,49a0a4d1fd8f9616a69909cec22531a01219e391bfe1df73a5151c872292fed1
20220628.0,11725897.06312705,Main,Baseline portfolio,49a0a4d1fd8f9616a69909cec22531a01219e391bfe1df73a5151c872292fed1
20220629.0,11864706.41513535,Main,Baseline portfolio,49a0a4d1fd8f9616a69909cec22531a01219e391bfe1df73a5151c872292fed1
20220630.0,11979305.321342904,Main,Baseline portfolio,49a0a4d1fd8f9616a69909cec22531a01219e391bfe1df73a5151c872292fed1
20220701.0,12177988.346546274,Main,Baseline portfolio,49a0a4d1fd8f9616a69909cec22531a01219e391bfe1df73a5151c872292fed1
20220704.0,12018985.541116567,Main,Baseline portfolio,49a0a4d1fd8f9616a69909cec22531a01219e391bfe1df73a5151c872292fed1
20220705.0,11815477.423889235,Main,Baseline portfolio,49a0a4d1fd8f9616a69909cec22531a01219e391bfe1df73a5151c872292fed1
20220706.0,12123016.072685359,Main,Baseline portfolio,49a0a4d1fd8f9616a69909cec22531a01219e391bfe1df73a5151c872292fed1
20220707.0,12072982.702190395,Main,Baseline portfolio,49a0a4d1fd8f9616a69909cec22531a01219e391bfe1df73a5151c872292fed1
20220708.0,11893071.247988412,Main,Baseline portfolio,49a0a4d1fd8f9616a69909cec22531a01219e391bfe1df73a5151c872292fed1
20220711.0,11677447.235226016,Main,Baseline portfolio,49a0a4d1fd8f9616a69909cec22531a01219e391bfe1df73a5151c872292fed1
20220712.0,11694741.587933414,Main,Baseline portfolio,49a0a4d1fd8f9616a69909cec22531a01219e391bfe1df73a5151c872292fed1
20220713.0,11759677.091622235,Main,Baseline portfolio,49a0a4d1fd8f9616a69909cec22531a01219e391bfe1df73a5151c872292fed1
20220714.0,11833635.951922003,Main,Baseline portfolio,49a0a4d1fd8f9616a69909cec22531a01219e391bfe1df73a5151c872292fed1
20220715.0,12006347.709786795,Main,Baseline portfolio,49a0a4d1fd8f9616a69909cec22531a01219e391bfe1df73a5151c872292fed1
20220718.0,12048466.7802779,Main,Baseline portfolio,49a0a4d1fd8f9616a69909cec22531a01219e391bfe1df73a5151c872292fed1
20220719.0,12147360.60780883,Main,Baseline portfolio,49a0a4d1fd8f9616a69909cec22531a01219e391bfe1df73a5151c872292fed1
20220720.0,12047122.306615625,Main,Baseline portfolio,49a0a4d1fd8f9616a69909cec22531a01219e391bfe1df73a5151c872292fed1
20220721.0,11905539.845143178,Main,Baseline portfolio,49a0a4d1fd8f9616a69909cec22531a01219e391bfe1df73a5151c872292fed1
20220722.0,11797926.878373444,Main,Baseline portfolio,49a0a4d1fd8f9616a69909cec22531a01219e391bfe1df73a5151c872292fed1
20220725.0,11999041.68935118,Main,Baseline portfolio,49a0a4d1fd8f9616a69909cec22531a01219e391bfe1df73a5151c872292fed1
20220726.0,12125215.875833033,Main,Baseline portfolio,49a0a4d1fd8f9616a69909cec22531a01219e391bfe1df73a5151c872292fed1
20220727.0,12074462.397557376,Main,Baseline portfolio,49a0a4d1fd8f9616a69909cec22531a01219e391bfe1df73a5151c872292fed1
20220728.0,11835280.373801785,Main,Baseline portfolio,49a0a4d1fd8f9616a69909cec22531a01219e391bfe1df73a5151c872292fed1
20220729.0,11948825.827710623,Main,Baseline portfolio,49a0a4d1fd8f9616a69909cec22531a01219e391bfe1df73a5151c872292fed1
20220801.0,11899176.694031136,Main,Baseline portfolio,49a0a4d1fd8f9616a69909cec22531a01219e391bfe1df73a5151c872292fed1
20220802.0,11816677.847438965,Main,Baseline portfolio,49a0a4d1fd8f9616a69909cec22531a01219e391bfe1df73a5151c872292fed1
20220803.0,11849731.277160183,Main,Baseline portfolio,49a0a4d1fd8f9616a69909cec22531a01219e391bfe1df73a5151c872292fed1
20220804.0,11930430.656228183,Main,Baseline portfolio,49a0a4d1fd8f9616a69909cec22531a01219e391bfe1df73a5151c872292fed1
20220805.0,12063827.55739638,Main,Baseline portfolio,49a0a4d1fd8f9616a69909cec22531a01219e391bfe1df73a5151c872292fed1
20220808.0,12121933.298565356,Main,Baseline portfolio,49a0a4d1fd8f9616a69909cec22531a01219e391bfe1df73a5151c872292fed1
20220809.0,12067407.729747865,Main,Baseline portfolio,49a0a4d1fd8f9616a69909cec22531a01219e391bfe1df73a5151c872292fed1
20220810.0,12182909.770843618,Main,Baseline portfolio,49a0a4d1fd8f9616a69909cec22531a01219e391bfe1df73a5151c872292fed1
20220811.0,12105612.862983478,Main,Baseline portfolio,49a0a4d1fd8f9616a69909cec22531a01219e391bfe1df73a5151c872292fed1
20220812.0,12060135.626157857,Main,Baseline portfolio,49a0a4d1fd8f9616a69909cec22531a01219e391bfe1df73a5151c872292fed1
20220815.0,12055965.541236103,Main,Baseline portfolio,49a0a4d1fd8f9616a69909cec22531a01219e391bfe1df73a5151c872292fed1
20220816.0,12045525.350061344,Main,Baseline portfolio,49a0a4d1fd8f9616a69909cec22531a01219e391bfe1df73a5151c872292fed1
20220817.0,11928548.49358254,Main,Baseline portfolio,49a0a4d1fd8f9616a69909cec22531a01219e391bfe1df73a5151c872292fed1
20220818.0,11942103.993345894,Main,Baseline portfolio,49a0a4d1fd8f9616a69909cec22531a01219e391bfe1df73a5151c872292fed1
20220819.0,11994825.123766484,Main,Baseline portfolio,49a0a4d1fd8f9616a69909cec22531a01219e391bfe1df73a5151c872292fed1
20220822.0,11969197.32406602,Main,Baseline portfolio,49a0a4d1fd8f9616a69909cec22531a01219e391bfe1df73a5151c872292fed1
20220823.0,11630290.625134598,Main,Baseline portfolio,49a0a4d1fd8f9616a69909cec22531a01219e391bfe1df73a5151c872292fed1
20220824.0,11661866.401766654,Main,Baseline portfolio,49a0a4d1fd8f9616a69909cec22531a01219e391bfe1df73a5151c872292fed1
20220825.0,11658532.914164836,Main,Baseline portfolio,49a0a4d1fd8f9616a69909cec22531a01219e391bfe1df73a5151c872292fed1
20220826.0,11655786.496388987,Main,Baseline portfolio,49a0a4d1fd8f9616a69909cec22531a01219e391bfe1df73a5151c872292fed1
20220829.0,11590804.749637876,Main,Baseline portfolio,49a0a4d1fd8f9616a69909cec22531a01219e391bfe1df73a5151c872292fed1
20220830.0,11488935.922276344,Main,Baseline portfolio,49a0a4d1fd8f9616a69909cec22531a01219e391bfe1df73a5151c872292fed1
20220831.0,11408793.934610438,Main,Baseline portfolio,49a0a4d1fd8f9616a69909cec22531a01219e391bfe1df73a5151c872292fed1
20220901.0,11392183.378189828,Main,Baseline portfolio,49a0a4d1fd8f9616a69909cec22531a01219e391bfe1df73a5151c872292fed1
20220902.0,11329948.69833406,Main,Baseline portfolio,49a0a4d1fd8f9616a69909cec22531a01219e391bfe1df73a5151c872292fed1
20220905.0,11486533.404414723,Main,Baseline portfolio,49a0a4d1fd8f9616a69909cec22531a01219e391bfe1df73a5151c872292fed1
20220906.0,11505666.807130052,Main,Baseline portfolio,49a0a4d1fd8f9616a69909cec22531a01219e391bfe1df73a5151c872292fed1
20220907.0,11434463.320278488,Main,Baseline portfolio,49a0a4d1fd8f9616a69909cec22531a01219e391bfe1df73a5151c872292fed1
20220908.0,11486597.083721066,Main,Baseline portfolio,49a0a4d1fd8f9616a69909cec22531a01219e391bfe1df73a5151c872292fed1
20220909.0,11573818.48534007,Main,Baseline portfolio,49a0a4d1fd8f9616a69909cec22531a01219e391bfe1df73a5151c872292fed1
20220913.0,11450448.990574766,Main,Baseline portfolio,49a0a4d1fd8f9616a69909cec22531a01219e391bfe1df73a5151c872292fed1
20220914.0,11112442.397072187,Main,Baseline portfolio,49a0a4d1fd8f9616a69909cec22531a01219e391bfe1df73a5151c872292fed1
20220915.0,10944083.193006,Main,Baseline portfolio,49a0a4d1fd8f9616a69909cec22531a01219e391bfe1df73a5151c872292fed1
20220916.0,10884690.432806153,Main,Baseline portfolio,49a0a4d1fd8f9616a69909cec22531a01219e391bfe1df73a5151c872292fed1
20220919.0,11039025.870154314,Main,Baseline portfolio,49a0a4d1fd8f9616a69909cec22531a01219e391bfe1df73a5151c872292fed1
20220920.0,10984404.509962752,Main,Baseline portfolio,49a0a4d1fd8f9616a69909cec22531a01219e391bfe1df73a5151c872292fed1
20220921.0,10974473.57438326,Main,Baseline portfolio,49a0a4d1fd8f9616a69909cec22531a01219e391bfe1df73a5151c872292fed1
20220922.0,10681760.93727898,Main,Baseline portfolio,49a0a4d1fd8f9616a69909cec22531a01219e391bfe1df73a5151c872292fed1
20220923.0,10689087.614062857,Main,Baseline portfolio,49a0a4d1fd8f9616a69909cec22531a01219e391bfe1df73a5151c872292fed1
20220926.0,11019085.107701898,Main,Baseline portfolio,49a0a4d1fd8f9616a69909cec22531a01219e391bfe1df73a5151c872292fed1
20220927.0,10718616.97069204,Main,Baseline portfolio,49a0a4d1fd8f9616a69909cec22531a01219e391bfe1df73a5151c872292fed1
20220928.0,10710430.850242626,Main,Baseline portfolio,49a0a4d1fd8f9616a69909cec22531a01219e391bfe1df73a5151c872292fed1
20220930.0,10503191.195412008,Main,Baseline portfolio,49a0a4d1fd8f9616a69909cec22531a01219e391bfe1df73a5151c872292fed1
20221010.0,10596196.63874681,Main,Baseline portfolio,49a0a4d1fd8f9616a69909cec22531a01219e391bfe1df73a5151c872292fed1
20221011.0,10858423.116400557,Main,Baseline portfolio,49a0a4d1fd8f9616a69909cec22531a01219e391bfe1df73a5151c872292fed1
20221012.0,10775826.188680964,Main,Baseline portfolio,49a0a4d1fd8f9616a69909cec22531a01219e391bfe1df73a5151c872292fed1
20221013.0,10989311.621588646,Main,Baseline portfolio,49a0a4d1fd8f9616a69909cec22531a01219e391bfe1df73a5151c872292fed1
20221014.0,10964072.665013498,Main,Baseline portfolio,49a0a4d1fd8f9616a69909cec22531a01219e391bfe1df73a5151c872292fed1
20221017.0,10950569.37493166,Main,Baseline portfolio,49a0a4d1fd8f9616a69909cec22531a01219e391bfe1df73a5151c872292fed1
20221018.0,10839984.411390584,Main,Baseline portfolio,49a0a4d1fd8f9616a69909cec22531a01219e391bfe1df73a5151c872292fed1
20221019.0,10689110.561675921,Main,Baseline portfolio,49a0a4d1fd8f9616a69909cec22531a01219e391bfe1df73a5151c872292fed1
20221020.0,10690458.75271105,Main,Baseline portfolio,49a0a4d1fd8f9616a69909cec22531a01219e391bfe1df73a5151c872292fed1
20221021.0,10569961.937521873,Main,Baseline portfolio,49a0a4d1fd8f9616a69909cec22531a01219e391bfe1df73a5151c872292fed1
20221024.0,10563487.526403625,Main,Baseline portfolio,49a0a4d1fd8f9616a69909cec22531a01219e391bfe1df73a5151c872292fed1
20221025.0,10674267.230424332,Main,Baseline portfolio,49a0a4d1fd8f9616a69909cec22531a01219e391bfe1df73a5151c872292fed1
20221026.0,10585120.840194521,Main,Baseline portfolio,49a0a4d1fd8f9616a69909cec22531a01219e391bfe1df73a5151c872292fed1
20221027.0,10254962.56272308,Main,Baseline portfolio,49a0a4d1fd8f9616a69909cec22531a01219e391bfe1df73a5151c872292fed1
20221028.0,10171337.580486948,Main,Baseline portfolio,49a0a4d1fd8f9616a69909cec22531a01219e391bfe1df73a5151c872292fed1
20221031.0,10467645.450985843,Main,Baseline portfolio,49a0a4d1fd8f9616a69909cec22531a01219e391bfe1df73a5151c872292fed1
20221101.0,10615479.171574498,Main,Baseline portfolio,49a0a4d1fd8f9616a69909cec22531a01219e391bfe1df73a5151c872292fed1
20221102.0,10596958.937480064,Main,Baseline portfolio,49a0a4d1fd8f9616a69909cec22531a01219e391bfe1df73a5151c872292fed1
20221103.0,10889083.043786103,Main,Baseline portfolio,49a0a4d1fd8f9616a69909cec22531a01219e391bfe1df73a5151c872292fed1
20221104.0,10890623.862891538,Main,Baseline portfolio,49a0a4d1fd8f9616a69909cec22531a01219e391bfe1df73a5151c872292fed1
20221107.0,10783362.441276994,Main,Baseline portfolio,49a0a4d1fd8f9616a69909cec22531a01219e391bfe1df73a5151c872292fed1
20221108.0,10686086.422936248,Main,Baseline portfolio,49a0a4d1fd8f9616a69909cec22531a01219e391bfe1df73a5151c872292fed1
20221109.0,10487828.786023024,Main,Baseline portfolio,49a0a4d1fd8f9616a69909cec22531a01219e391bfe1df73a5151c872292fed1
20221110.0,10611450.647298349,Main,Baseline portfolio,49a0a4d1fd8f9616a69909cec22531a01219e391bfe1df73a5151c872292fed1
20221111.0,10497887.994040823,Main,Baseline portfolio,49a0a4d1fd8f9616a69909cec22531a01219e391bfe1df73a5151c872292fed1
20221114.0,10674121.985254787,Main,Baseline portfolio,49a0a4d1fd8f9616a69909cec22531a01219e391bfe1df73a5151c872292fed1
20221115.0,10586140.750589225,Main,Baseline portfolio,49a0a4d1fd8f9616a69909cec22531a01219e391bfe1df73a5151c872292fed1
20221116.0,10722998.897499846,Main,Baseline portfolio,49a0a4d1fd8f9616a69909cec22531a01219e391bfe1df73a5151c872292fed1
20221117.0,10687438.955776617,Main,Baseline portfolio,49a0a4d1fd8f9616a69909cec22531a01219e391bfe1df73a5151c872292fed1
20221118.0,10703398.852543049,Main,Baseline portfolio,49a0a4d1fd8f9616a69909cec22531a01219e391bfe1df73a5151c872292fed1
20221121.0,10511166.13387654,Main,Baseline portfolio,49a0a4d1fd8f9616a69909cec22531a01219e391bfe1df73a5151c872292fed1
20221122.0,10469764.799491923,Main,Baseline portfolio,49a0a4d1fd8f9616a69909cec22531a01219e391bfe1df73a5151c872292fed1
20221123.0,10467759.935832104,Main,Baseline portfolio,49a0a4d1fd8f9616a69909cec22531a01219e391bfe1df73a5151c872292fed1
20221124.0,10440209.213881165,Main,Baseline portfolio,49a0a4d1fd8f9616a69909cec22531a01219e391bfe1df73a5151c872292fed1
20221125.0,10501016.103845978,Main,Baseline portfolio,49a0a4d1fd8f9616a69909cec22531a01219e391bfe1df73a5151c872292fed1
20221128.0,10590513.888387784,Main,Baseline portfolio,49a0a4d1fd8f9616a69909cec22531a01219e391bfe1df73a5151c872292fed1
20221129.0,10619620.729196403,Main,Baseline portfolio,49a0a4d1fd8f9616a69909cec22531a01219e391bfe1df73a5151c872292fed1
20221130.0,10710513.15903625,Main,Baseline portfolio,49a0a4d1fd8f9616a69909cec22531a01219e391bfe1df73a5151c872292fed1
20221201.0,10682167.305924946,Main,Baseline portfolio,49a0a4d1fd8f9616a69909cec22531a01219e391bfe1df73a5151c872292fed1
20221202.0,10720113.104440574,Main,Baseline portfolio,49a0a4d1fd8f9616a69909cec22531a01219e391bfe1df73a5151c872292fed1
20221205.0,10790865.748892933,Main,Baseline portfolio,49a0a4d1fd8f9616a69909cec22531a01219e391bfe1df73a5151c872292fed1
20221206.0,10782413.386979392,Main,Baseline portfolio,49a0a4d1fd8f9616a69909cec22531a01219e391bfe1df73a5151c872292fed1
20221207.0,10848046.023629647,Main,Baseline portfolio,49a0a4d1fd8f9616a69909cec22531a01219e391bfe1df73a5151c872292fed1
20221208.0,10818151.527114883,Main,Baseline portfolio,49a0a4d1fd8f9616a69909cec22531a01219e391bfe1df73a5151c872292fed1
20221209.0,10676630.249738332,Main,Baseline portfolio,49a0a4d1fd8f9616a69909cec22531a01219e391bfe1df73a5151c872292fed1
20221212.0,10609545.476279136,Main,Baseline portfolio,49a0a4d1fd8f9616a69909cec22531a01219e391bfe1df73a5151c872292fed1
20221213.0,10711512.043683127,Main,Baseline portfolio,49a0a4d1fd8f9616a69909cec22531a01219e391bfe1df73a5151c872292fed1
20221214.0,10648055.031739399,Main,Baseline portfolio,49a0a4d1fd8f9616a69909cec22531a01219e391bfe1df73a5151c872292fed1
20221215.0,10474731.499419674,Main,Baseline portfolio,49a0a4d1fd8f9616a69909cec22531a01219e391bfe1df73a5151c872292fed1
20221216.0,10322415.070933567,Main,Baseline portfolio,49a0a4d1fd8f9616a69909cec22531a01219e391bfe1df73a5151c872292fed1
20221219.0,10197889.166889492,Main,Baseline portfolio,49a0a4d1fd8f9616a69909cec22531a01219e391bfe1df73a5151c872292fed1
20221220.0,10223510.77375633,Main,Baseline portfolio,49a0a4d1fd8f9616a69909cec22531a01219e391bfe1df73a5151c872292fed1
20221221.0,10246019.26686858,Main,Baseline portfolio,49a0a4d1fd8f9616a69909cec22531a01219e391bfe1df73a5151c872292fed1
20221222.0,10139299.815382946,Main,Baseline portfolio,49a0a4d1fd8f9616a69909cec22531a01219e391bfe1df73a5151c872292fed1
20221223.0,10372864.452249657,Main,Baseline portfolio,49a0a4d1fd8f9616a69909cec22531a01219e391bfe1df73a5151c872292fed1
20221226.0,10478780.6128347,Main,Baseline portfolio,49a0a4d1fd8f9616a69909cec22531a01219e391bfe1df73a5151c872292fed1
20221227.0,10433251.597999072,Main,Baseline portfolio,49a0a4d1fd8f9616a69909cec22531a01219e391bfe1df73a5151c872292fed1
20221228.0,10442873.846935157,Main,Baseline portfolio,49a0a4d1fd8f9616a69909cec22531a01219e391bfe1df73a5151c872292fed1
20221229.0,10490583.122915491,Main,Baseline portfolio,49a0a4d1fd8f9616a69909cec22531a01219e391bfe1df73a5151c872292fed1
20221230.0,10512203.398594456,Main,Baseline portfolio,49a0a4d1fd8f9616a69909cec22531a01219e391bfe1df73a5151c872292fed1
20230103.0,10519479.602358466,Main,Baseline portfolio,49a0a4d1fd8f9616a69909cec22531a01219e391bfe1df73a5151c872292fed1
20230104.0,10715091.771767642,Main,Baseline portfolio,49a0a4d1fd8f9616a69909cec22531a01219e391bfe1df73a5151c872292fed1
20230105.0,10766690.093054859,Main,Baseline portfolio,49a0a4d1fd8f9616a69909cec22531a01219e391bfe1df73a5151c872292fed1
20230106.0,10733119.183106348,Main,Baseline portfolio,49a0a4d1fd8f9616a69909cec22531a01219e391bfe1df73a5151c872292fed1
20230109.0,10838486.718223669,Main,Baseline portfolio,49a0a4d1fd8f9616a69909cec22531a01219e391bfe1df73a5151c872292fed1
20230110.0,10712547.074470745,Main,Baseline portfolio,49a0a4d1fd8f9616a69909cec22531a01219e391bfe1df73a5151c872292fed1
20230111.0,10682211.042793544,Main,Baseline portfolio,49a0a4d1fd8f9616a69909cec22531a01219e391bfe1df73a5151c872292fed1
20230112.0,10673556.279238725,Main,Baseline portfolio,49a0a4d1fd8f9616a69909cec22531a01219e391bfe1df73a5151c872292fed1
20230113.0,10711884.053332584,Main,Baseline portfolio,49a0a4d1fd8f9616a69909cec22531a01219e391bfe1df73a5151c872292fed1
20230116.0,10732594.758650843,Main,Baseline portfolio,49a0a4d1fd8f9616a69909cec22531a01219e391bfe1df73a5151c872292fed1
20230117.0,10649702.620721688,Main,Baseline portfolio,49a0a4d1fd8f9616a69909cec22531a01219e391bfe1df73a5151c872292fed1
20230118.0,10654407.968741784,Main,Baseline portfolio,49a0a4d1fd8f9616a69909cec22531a01219e391bfe1df73a5151c872292fed1
20230119.0,10685847.47824618,Main,Baseline portfolio,49a0a4d1fd8f9616a69909cec22531a01219e391bfe1df73a5151c872292fed1
20230120.0,10721069.691325402,Main,Baseline portfolio,49a0a4d1fd8f9616a69909cec22531a01219e391bfe1df73a5151c872292fed1
20230130.0,10761470.017972887,Main,Baseline portfolio,49a0a4d1fd8f9616a69909cec22531a01219e391bfe1df73a5151c872292fed1
20230131.0,10876867.231310535,Main,Baseline portfolio,49a0a4d1fd8f9616a69909cec22531a01219e391bfe1df73a5151c872292fed1
20230201.0,10903488.743761625,Main,Baseline portfolio,49a0a4d1fd8f9616a69909cec22531a01219e391bfe1df73a5151c872292fed1
20230202.0,10848798.88776089,Main,Baseline portfolio,49a0a4d1fd8f9616a69909cec22531a01219e391bfe1df73a5151c872292fed1
20230203.0,10727036.359210117,Main,Baseline portfolio,49a0a4d1fd8f9616a69909cec22531a01219e391bfe1df73a5151c872292fed1
20230206.0,10767243.701386226,Main,Baseline portfolio,49a0a4d1fd8f9616a69909cec22531a01219e391bfe1df73a5151c872292fed1
20230207.0,10683360.43136449,Main,Baseline portfolio,49a0a4d1fd8f9616a69909cec22531a01219e391bfe1df73a5151c872292fed1
20230208.0,10850695.474018784,Main,Baseline portfolio,49a0a4d1fd8f9616a69909cec22531a01219e391bfe1df73a5151c872292fed1
20230209.0,10856302.468748622,Main,Baseline portfolio,49a0a4d1fd8f9616a69909cec22531a01219e391bfe1df73a5151c872292fed1
20230210.0,10981272.179671802,Main,Baseline portfolio,49a0a4d1fd8f9616a69909cec22531a01219e391bfe1df73a5151c872292fed1
20230213.0,11015143.24329491,Main,Baseline portfolio,49a0a4d1fd8f9616a69909cec22531a01219e391bfe1df73a5151c872292fed1
20230214.0,10964520.774500784,Main,Baseline portfolio,49a0a4d1fd8f9616a69909cec22531a01219e391bfe1df73a5151c872292fed1
20230215.0,10740351.050961832,Main,Baseline portfolio,49a0a4d1fd8f9616a69909cec22531a01219e391bfe1df73a5151c872292fed1
20230216.0,10653533.199931592,Main,Baseline portfolio,49a0a4d1fd8f9616a69909cec22531a01219e391bfe1df73a5151c872292fed1
20230217.0,10879489.788181772,Main,Baseline portfolio,49a0a4d1fd8f9616a69909cec22531a01219e391bfe1df73a5151c872292fed1
20230220.0,11043520.641174542,Main,Baseline portfolio,49a0a4d1fd8f9616a69909cec22531a01219e391bfe1df73a5151c872292fed1
20230221.0,11075823.089936513,Main,Baseline portfolio,49a0a4d1fd8f9616a69909cec22531a01219e391bfe1df73a5151c872292fed1
20230222.0,10897213.593884505,Main,Baseline portfolio,49a0a4d1fd8f9616a69909cec22531a01219e391bfe1df73a5151c872292fed1
20230223.0,10876230.144218722,Main,Baseline portfolio,49a0a4d1fd8f9616a69909cec22531a01219e391bfe1df73a5151c872292fed1
20230224.0,10811994.263159787,Main,Baseline portfolio,49a0a4d1fd8f9616a69909cec22531a01219e391bfe1df73a5151c872292fed1
20230227.0,10905387.89092788,Main,Baseline portfolio,49a0a4d1fd8f9616a69909cec22531a01219e391bfe1df73a5151c872292fed1
20230228.0,10947268.083736744,Main,Baseline portfolio,49a0a4d1fd8f9616a69909cec22531a01219e391bfe1df73a5151c872292fed1
20230301.0,10909640.886303082,Main,Baseline portfolio,49a0a4d1fd8f9616a69909cec22531a01219e391bfe1df73a5151c872292fed1
20230302.0,10827084.190489022,Main,Baseline portfolio,49a0a4d1fd8f9616a69909cec22531a01219e391bfe1df73a5151c872292fed1
20230303.0,10944484.557426453,Main,Baseline portfolio,49a0a4d1fd8f9616a69909cec22531a01219e391bfe1df73a5151c872292fed1
20171206.0,1000000.0,ChiNext,ChiNext Index,49a0a4d1fd8f9616a69909cec22531a01219e391bfe1df73a5151c872292fed1
20171207.0,1008534.0001658963,ChiNext,ChiNext Index,49a0a4d1fd8f9616a69909cec22531a01219e391bfe1df73a5151c872292fed1
20171208.0,1022507.2388403607,ChiNext,ChiNext Index,49a0a4d1fd8f9616a69909cec22531a01219e391bfe1df73a5151c872292fed1
20171211.0,1012212.6357780605,ChiNext,ChiNext Index,49a0a4d1fd8f9616a69909cec22531a01219e391bfe1df73a5151c872292fed1
20171212.0,1016376.878506279,ChiNext,ChiNext Index,49a0a4d1fd8f9616a69909cec22531a01219e391bfe1df73a5151c872292fed1
20171213.0,1009766.3630125846,ChiNext,ChiNext Index,49a0a4d1fd8f9616a69909cec22531a01219e391bfe1df73a5151c872292fed1
20171214.0,1003929.9135036472,ChiNext,ChiNext Index,49a0a4d1fd8f9616a69909cec22531a01219e391bfe1df73a5151c872292fed1
20171215.0,1002056.5801011178,ChiNext,ChiNext Index,49a0a4d1fd8f9616a69909cec22531a01219e391bfe1df73a5151c872292fed1
20171218.0,1012106.2063441193,ChiNext,ChiNext Index,49a0a4d1fd8f9616a69909cec22531a01219e391bfe1df73a5151c872292fed1
20171219.0,1003051.9040741632,ChiNext,ChiNext Index,49a0a4d1fd8f9616a69909cec22531a01219e391bfe1df73a5151c872292fed1
20171220.0,1007172.4410931198,ChiNext,ChiNext Index,49a0a4d1fd8f9616a69909cec22531a01219e391bfe1df73a5151c872292fed1
20171221.0,1001321.7763178317,ChiNext,ChiNext Index,49a0a4d1fd8f9616a69909cec22531a01219e391bfe1df73a5151c872292fed1
20171222.0,988078.294532069,ChiNext,ChiNext Index,49a0a4d1fd8f9616a69909cec22531a01219e391bfe1df73a5151c872292fed1
20171225.0,989774.8245202362,ChiNext,ChiNext Index,49a0a4d1fd8f9616a69909cec22531a01219e391bfe1df73a5151c872292fed1
20171226.0,982129.8042008767,ChiNext,ChiNext Index,49a0a4d1fd8f9616a69909cec22531a01219e391bfe1df73a5151c872292fed1
20171227.0,982007.0379977671,ChiNext,ChiNext Index,49a0a4d1fd8f9616a69909cec22531a01219e391bfe1df73a5151c872292fed1
20171228.0,986303.3188177691,ChiNext,ChiNext Index,49a0a4d1fd8f9616a69909cec22531a01219e391bfe1df73a5151c872292fed1
20171229.0,995881.3106489825,ChiNext,ChiNext Index,49a0a4d1fd8f9616a69909cec22531a01219e391bfe1df73a5151c872292fed1
20180102.0,1010350.4695340872,ChiNext,ChiNext Index,49a0a4d1fd8f9616a69909cec22531a01219e391bfe1df73a5151c872292fed1
20180103.0,1009915.0087394792,ChiNext,ChiNext Index,49a0a4d1fd8f9616a69909cec22531a01219e391bfe1df73a5151c872292fed1
20180104.0,1013747.6361429231,ChiNext,ChiNext Index,49a0a4d1fd8f9616a69909cec22531a01219e391bfe1df73a5151c872292fed1
20180105.0,1016413.7922792442,ChiNext,ChiNext Index,49a0a4d1fd8f9616a69909cec22531a01219e391bfe1df73a5151c872292fed1
20180108.0,1014967.4354414133,ChiNext,ChiNext Index,49a0a4d1fd8f9616a69909cec22531a01219e391bfe1df73a5151c872292fed1
20180109.0,1007931.6812003216,ChiNext,ChiNext Index,49a0a4d1fd8f9616a69909cec22531a01219e391bfe1df73a5151c872292fed1
20180110.0,1015331.9158998715,ChiNext,ChiNext Index,49a0a4d1fd8f9616a69909cec22531a01219e391bfe1df73a5151c872292fed1
20180111.0,1004904.4569028396,ChiNext,ChiNext Index,49a0a4d1fd8f9616a69909cec22531a01219e391bfe1df73a5151c872292fed1
20180112.0,975031.6623186793,ChiNext,ChiNext Index,49a0a4d1fd8f9616a69909cec22531a01219e391bfe1df73a5151c872292fed1
20180115.0,973329.2570037738,ChiNext,ChiNext Index,49a0a4d1fd8f9616a69909cec22531a01219e391bfe1df73a5151c872292fed1
20180116.0,980328.4676982397,ChiNext,ChiNext Index,49a0a4d1fd8f9616a69909cec22531a01219e391bfe1df73a5151c872292fed1
20180117.0,978059.0073528988,ChiNext,ChiNext Index,49a0a4d1fd8f9616a69909cec22531a01219e391bfe1df73a5151c872292fed1
20180118.0,972509.5004769654,ChiNext,ChiNext Index,49a0a4d1fd8f9616a69909cec22531a01219e391bfe1df73a5151c872292fed1
20180119.0,995061.0232763882,ChiNext,ChiNext Index,49a0a4d1fd8f9616a69909cec22531a01219e391bfe1df73a5151c872292fed1
20180122.0,994844.099934898,ChiNext,ChiNext Index,49a0a4d1fd8f9616a69909cec22531a01219e391bfe1df73a5151c872292fed1
20180123.0,1020418.5576117985,ChiNext,ChiNext Index,49a0a4d1fd8f9616a69909cec22531a01219e391bfe1df73a5151c872292fed1
20180124.0,1019045.0743017443,ChiNext,ChiNext Index,49a0a4d1fd8f9616a69909cec22531a01219e391bfe1df73a5151c872292fed1
20180125.0,1022401.8079586157,ChiNext,ChiNext Index,49a0a4d1fd8f9616a69909cec22531a01219e391bfe1df73a5151c872292fed1
20180126.0,1012818.8361328461,ChiNext,ChiNext Index,49a0a4d1fd8f9616a69909cec22531a01219e391bfe1df73a5151c872292fed1
20180129.0,1003043.1090956018,ChiNext,ChiNext Index,49a0a4d1fd8f9616a69909cec22531a01219e391bfe1df73a5151c872292fed1
20180130.0,976401.2807666005,ChiNext,ChiNext Index,49a0a4d1fd8f9616a69909cec22531a01219e391bfe1df73a5151c872292fed1
20180131.0,955204.5853730617,ChiNext,ChiNext Index,49a0a4d1fd8f9616a69909cec22531a01219e391bfe1df73a5151c872292fed1
20180201.0,958038.6774041766,ChiNext,ChiNext Index,49a0a4d1fd8f9616a69909cec22531a01219e391bfe1df73a5151c872292fed1
20180202.0,950073.5438145979,ChiNext,ChiNext Index,49a0a4d1fd8f9616a69909cec22531a01219e391bfe1df73a5151c872292fed1
20180205.0,899338.6665006595,ChiNext,ChiNext Index,49a0a4d1fd8f9616a69909cec22531a01219e391bfe1df73a5151c872292fed1
20180206.0,909628.0001960923,ChiNext,ChiNext Index,49a0a4d1fd8f9616a69909cec22531a01219e391bfe1df73a5151c872292fed1
20180207.0,923714.4994307519,ChiNext,ChiNext Index,49a0a4d1fd8f9616a69909cec22531a01219e391bfe1df73a5151c872292fed1
20180208.0,896184.1124482909,ChiNext,ChiNext Index,49a0a4d1fd8f9616a69909cec22531a01219e391bfe1df73a5151c872292fed1
20180209.0,927451.9761908103,ChiNext,ChiNext Index,49a0a4d1fd8f9616a69909cec22531a01219e391bfe1df73a5151c872292fed1
20180212.0,927738.5587908224,ChiNext,ChiNext Index,49a0a4d1fd8f9616a69909cec22531a01219e391bfe1df73a5151c872292fed1
20180213.0,926718.9741559174,ChiNext,ChiNext Index,49a0a4d1fd8f9616a69909cec22531a01219e391bfe1df73a5151c872292fed1
20180214.0,944160.7519718347,ChiNext,ChiNext Index,49a0a4d1fd8f9616a69909cec22531a01219e391bfe1df73a5151c872292fed1
20180222.0,939134.9842383928,ChiNext,ChiNext Index,49a0a4d1fd8f9616a69909cec22531a01219e391bfe1df73a5151c872292fed1
20180223.0,973079.0792021041,ChiNext,ChiNext Index,49a0a4d1fd8f9616a69909cec22531a01219e391bfe1df73a5151c872292fed1
20180226.0,981176.0701742185,ChiNext,ChiNext Index,49a0a4d1fd8f9616a69909cec22531a01219e391bfe1df73a5151c872292fed1
20180227.0,986852.1737746997,ChiNext,ChiNext Index,49a0a4d1fd8f9616a69909cec22531a01219e391bfe1df73a5151c872292fed1
20180228.0,1007235.6052099969,ChiNext,ChiNext Index,49a0a4d1fd8f9616a69909cec22531a01219e391bfe1df73a5151c872292fed1
20180301.0,997193.4666239994,ChiNext,ChiNext Index,49a0a4d1fd8f9616a69909cec22531a01219e391bfe1df73a5151c872292fed1
20180302.0,1010523.9484326983,ChiNext,ChiNext Index,49a0a4d1fd8f9616a69909cec22531a01219e391bfe1df73a5151c872292fed1
20180305.0,1011603.1883967578,ChiNext,ChiNext Index,49a0a4d1fd8f9616a69909cec22531a01219e391bfe1df73a5151c872292fed1
20180306.0,1004658.5320032595,ChiNext,ChiNext Index,49a0a4d1fd8f9616a69909cec22531a01219e391bfe1df73a5151c872292fed1
20180307.0,1009133.2819097756,ChiNext,ChiNext Index,49a0a4d1fd8f9616a69909cec22531a01219e391bfe1df73a5151c872292fed1
20180308.0,1044717.3396219675,ChiNext,ChiNext Index,49a0a4d1fd8f9616a69909cec22531a01219e391bfe1df73a5151c872292fed1
20180309.0,1059322.487659102,ChiNext,ChiNext Index,49a0a4d1fd8f9616a69909cec22531a01219e391bfe1df73a5151c872292fed1
20180312.0,1053846.8499931702,ChiNext,ChiNext Index,49a0a4d1fd8f9616a69909cec22531a01219e391bfe1df73a5151c872292fed1
20180313.0,1036182.2686597618,ChiNext,ChiNext Index,49a0a4d1fd8f9616a69909cec22531a01219e391bfe1df73a5151c872292fed1
20180314.0,1040358.0833114998,ChiNext,ChiNext Index,49a0a4d1fd8f9616a69909cec22531a01219e391bfe1df73a5151c872292fed1
20180315.0,1024945.1787916713,ChiNext,ChiNext Index,49a0a4d1fd8f9616a69909cec22531a01219e391bfe1df73a5151c872292fed1
20180316.0,1037098.9781721358,ChiNext,ChiNext Index,49a0a4d1fd8f9616a69909cec22531a01219e391bfe1df73a5151c872292fed1
20180319.0,1049310.8182753045,ChiNext,ChiNext Index,49a0a4d1fd8f9616a69909cec22531a01219e391bfe1df73a5151c872292fed1
20180320.0,1029779.9963278613,ChiNext,ChiNext Index,49a0a4d1fd8f9616a69909cec22531a01219e391bfe1df73a5151c872292fed1
20180321.0,1022641.5614295574,ChiNext,ChiNext Index,49a0a4d1fd8f9616a69909cec22531a01219e391bfe1df73a5151c872292fed1
20180322.0,971315.1815782752,ChiNext,ChiNext Index,49a0a4d1fd8f9616a69909cec22531a01219e391bfe1df73a5151c872292fed1
20180323.0,1002033.9954037227,ChiNext,ChiNext Index,49a0a4d1fd8f9616a69909cec22531a01219e391bfe1df73a5151c872292fed1
20180326.0,1038097.1988372316,ChiNext,ChiNext Index,49a0a4d1fd8f9616a69909cec22531a01219e391bfe1df73a5151c872292fed1
20180327.0,1032729.1979726141,ChiNext,ChiNext Index,49a0a4d1fd8f9616a69909cec22531a01219e391bfe1df73a5151c872292fed1
20180328.0,1036686.6166905246,ChiNext,ChiNext Index,49a0a4d1fd8f9616a69909cec22531a01219e391bfe1df73a5151c872292fed1
20180329.0,1069491.5274835334,ChiNext,ChiNext Index,49a0a4d1fd8f9616a69909cec22531a01219e391bfe1df73a5151c872292fed1
20180330.0,1069364.2580970153,ChiNext,ChiNext Index,49a0a4d1fd8f9616a69909cec22531a01219e391bfe1df73a5151c872292fed1
20180402.0,1053728.0143646474,ChiNext,ChiNext Index,49a0a4d1fd8f9616a69909cec22531a01219e391bfe1df73a5151c872292fed1
20180403.0,1033661.8714547388,ChiNext,ChiNext Index,49a0a4d1fd8f9616a69909cec22531a01219e391bfe1df73a5151c872292fed1
20180404.0,1036385.5705221343,ChiNext,ChiNext Index,49a0a4d1fd8f9616a69909cec22531a01219e391bfe1df73a5151c872292fed1
20180409.0,1032934.4068816488,ChiNext,ChiNext Index,49a0a4d1fd8f9616a69909cec22531a01219e391bfe1df73a5151c872292fed1
20180410.0,1032431.3681517341,ChiNext,ChiNext Index,49a0a4d1fd8f9616a69909cec22531a01219e391bfe1df73a5151c872292fed1
20180411.0,1028077.6043731685,ChiNext,ChiNext Index,49a0a4d1fd8f9616a69909cec22531a01219e391bfe1df73a5151c872292fed1
20180412.0,1026785.3115707304,ChiNext,ChiNext Index,49a0a4d1fd8f9616a69909cec22531a01219e391bfe1df73a5151c872292fed1
20180413.0,1034728.5221398202,ChiNext,ChiNext Index,49a0a4d1fd8f9616a69909cec22531a01219e391bfe1df73a5151c872292fed1
20180416.0,1003795.3128240964,ChiNext,ChiNext Index,49a0a4d1fd8f9616a69909cec22531a01219e391bfe1df73a5151c872292fed1
20180417.0,1025474.2808225194,ChiNext,ChiNext Index,49a0a4d1fd8f9616a69909cec22531a01219e391bfe1df73a5151c872292fed1
20180418.0,1024358.5645087558,ChiNext,ChiNext Index,49a0a4d1fd8f9616a69909cec22531a01219e391bfe1df73a5151c872292fed1
20180419.0,1003271.1194343719,ChiNext,ChiNext Index,49a0a4d1fd8f9616a69909cec22531a01219e391bfe1df73a5151c872292fed1
20180420.0,986523.5142238049,ChiNext,ChiNext Index,49a0a4d1fd8f9616a69909cec22531a01219e391bfe1df73a5151c872292fed1
20180423.0,1016806.826976077,ChiNext,ChiNext Index,49a0a4d1fd8f9616a69909cec22531a01219e391bfe1df73a5151c872292fed1
20180424.0,1023866.5167805181,ChiNext,ChiNext Index,49a0a4d1fd8f9616a69909cec22531a01219e391bfe1df73a5151c872292fed1
20180425.0,1002409.3461271204,ChiNext,ChiNext Index,49a0a4d1fd8f9616a69909cec22531a01219e391bfe1df73a5151c872292fed1
20180426.0,1016095.240273589,ChiNext,ChiNext Index,49a0a4d1fd8f9616a69909cec22531a01219e391bfe1df73a5151c872292fed1
20180427.0,1013830.3645594717,ChiNext,ChiNext Index,49a0a4d1fd8f9616a69909cec22531a01219e391bfe1df73a5151c872292fed1
20180502.0,1028022.9759477614,ChiNext,ChiNext Index,49a0a4d1fd8f9616a69909cec22531a01219e391bfe1df73a5151c872292fed1
20180503.0,1021305.8736665093,ChiNext,ChiNext Index,49a0a4d1fd8f9616a69909cec22531a01219e391bfe1df73a5151c872292fed1
20180504.0,1042397.8819957767,ChiNext,ChiNext Index,49a0a4d1fd8f9616a69909cec22531a01219e391bfe1df73a5151c872292fed1
20180507.0,1044948.6296455528,ChiNext,ChiNext Index,49a0a4d1fd8f9616a69909cec22531a01219e391bfe1df73a5151c872292fed1
20180508.0,1044353.0095896083,ChiNext,ChiNext Index,49a0a4d1fd8f9616a69909cec22531a01219e391bfe1df73a5151c872292fed1
20180509.0,1049727.2501683962,ChiNext,ChiNext Index,49a0a4d1fd8f9616a69909cec22531a01219e391bfe1df73a5151c872292fed1
20180510.0,1032519.0705260019,ChiNext,ChiNext Index,49a0a4d1fd8f9616a69909cec22531a01219e391bfe1df73a5151c872292fed1
20180511.0,1030380.7239436522,ChiNext,ChiNext Index,49a0a4d1fd8f9616a69909cec22531a01219e391bfe1df73a5151c872292fed1
20180514.0,1045592.234637416,ChiNext,ChiNext Index,49a0a4d1fd8f9616a69909cec22531a01219e391bfe1df73a5151c872292fed1
20180515.0,1039213.0764631933,ChiNext,ChiNext Index,49a0a4d1fd8f9616a69909cec22531a01219e391bfe1df73a5151c872292fed1
20180516.0,1030507.5885652064,ChiNext,ChiNext Index,49a0a4d1fd8f9616a69909cec22531a01219e391bfe1df73a5151c872292fed1
20180517.0,1033630.0266454499,ChiNext,ChiNext Index,49a0a4d1fd8f9616a69909cec22531a01219e391bfe1df73a5151c872292fed1
20180518.0,1048108.0824425912,ChiNext,ChiNext Index,49a0a4d1fd8f9616a69909cec22531a01219e391bfe1df73a5151c872292fed1
20180521.0,1055715.2510030868,ChiNext,ChiNext Index,49a0a4d1fd8f9616a69909cec22531a01219e391bfe1df73a5151c872292fed1
20180522.0,1038818.5285985627,ChiNext,ChiNext Index,49a0a4d1fd8f9616a69909cec22531a01219e391bfe1df73a5151c872292fed1
20180523.0,1034558.3338121239,ChiNext,ChiNext Index,49a0a4d1fd8f9616a69909cec22531a01219e391bfe1df73a5151c872292fed1
20180524.0,1015506.9416142235,ChiNext,ChiNext Index,49a0a4d1fd8f9616a69909cec22531a01219e391bfe1df73a5151c872292fed1
20180525.0,1011209.316459927,ChiNext,ChiNext Index,49a0a4d1fd8f9616a69909cec22531a01219e391bfe1df73a5151c872292fed1
20180528.0,998116.1783356507,ChiNext,ChiNext Index,49a0a4d1fd8f9616a69909cec22531a01219e391bfe1df73a5151c872292fed1
20180529.0,971426.5514209569,ChiNext,ChiNext Index,49a0a4d1fd8f9616a69909cec22531a01219e391bfe1df73a5151c872292fed1
20180530.0,981288.4738004723,ChiNext,ChiNext Index,49a0a4d1fd8f9616a69909cec22531a01219e391bfe1df73a5151c872292fed1
20180531.0,962045.4067869675,ChiNext,ChiNext Index,49a0a4d1fd8f9616a69909cec22531a01219e391bfe1df73a5151c872292fed1
20180601.0,958321.3290337437,ChiNext,ChiNext Index,49a0a4d1fd8f9616a69909cec22531a01219e391bfe1df73a5151c872292fed1
20180604.0,982622.441262943,ChiNext,ChiNext Index,49a0a4d1fd8f9616a69909cec22531a01219e391bfe1df73a5151c872292fed1
20180605.0,981009.9578989809,ChiNext,ChiNext Index,49a0a4d1fd8f9616a69909cec22531a01219e391bfe1df73a5151c872292fed1
20180606.0,973766.1802963361,ChiNext,ChiNext Index,49a0a4d1fd8f9616a69909cec22531a01219e391bfe1df73a5151c872292fed1
20180607.0,963156.9977639319,ChiNext,ChiNext Index,49a0a4d1fd8f9616a69909cec22531a01219e391bfe1df73a5151c872292fed1
20180608.0,950268.0309055012,ChiNext,ChiNext Index,49a0a4d1fd8f9616a69909cec22531a01219e391bfe1df73a5151c872292fed1
20180611.0,963858.7642152366,ChiNext,ChiNext Index,49a0a4d1fd8f9616a69909cec22531a01219e391bfe1df73a5151c872292fed1
20180612.0,948735.8202520224,ChiNext,ChiNext Index,49a0a4d1fd8f9616a69909cec22531a01219e391bfe1df73a5151c872292fed1
20180613.0,941658.2510191824,ChiNext,ChiNext Index,49a0a4d1fd8f9616a69909cec22531a01219e391bfe1df73a5151c872292fed1
20180614.0,923843.960189052,ChiNext,ChiNext Index,49a0a4d1fd8f9616a69909cec22531a01219e391bfe1df73a5151c872292fed1
20180615.0,870653.6442119848,ChiNext,ChiNext Index,49a0a4d1fd8f9616a69909cec22531a01219e391bfe1df73a5151c872292fed1
20180619.0,880021.8774374223,ChiNext,ChiNext Index,49a0a4d1fd8f9616a69909cec22531a01219e391bfe1df73a5151c872292fed1
20180620.0,856320.2482459742,ChiNext,ChiNext Index,49a0a4d1fd8f9616a69909cec22531a01219e391bfe1df73a5151c872292fed1
20180621.0,872068.8338507239,ChiNext,ChiNext Index,49a0a4d1fd8f9616a69909cec22531a01219e391bfe1df73a5151c872292fed1
20180622.0,865824.8210568733,ChiNext,ChiNext Index,49a0a4d1fd8f9616a69909cec22531a01219e391bfe1df73a5151c872292fed1
20180625.0,880654.6685741328,ChiNext,ChiNext Index,49a0a4d1fd8f9616a69909cec22531a01219e391bfe1df73a5151c872292fed1
20180626.0,870139.6517900241,ChiNext,ChiNext Index,49a0a4d1fd8f9616a69909cec22531a01219e391bfe1df73a5151c872292fed1
20180627.0,868694.3498152122,ChiNext,ChiNext Index,49a0a4d1fd8f9616a69909cec22531a01219e391bfe1df73a5151c872292fed1
20180628.0,904176.1706271839,ChiNext,ChiNext Index,49a0a4d1fd8f9616a69909cec22531a01219e391bfe1df73a5151c872292fed1
20180629.0,893854.9996437671,ChiNext,ChiNext Index,49a0a4d1fd8f9616a69909cec22531a01219e391bfe1df73a5151c872292fed1
20180702.0,904405.1701165189,ChiNext,ChiNext Index,49a0a4d1fd8f9616a69909cec22531a01219e391bfe1df73a5151c872292fed1
20180703.0,881044.3845941222,ChiNext,ChiNext Index,49a0a4d1fd8f9616a69909cec22531a01219e391bfe1df73a5151c872292fed1
20180704.0,862512.4970440282,ChiNext,ChiNext Index,49a0a4d1fd8f9616a69909cec22531a01219e391bfe1df73a5151c872292fed1
20180705.0,867371.8924234245,ChiNext,ChiNext Index,49a0a4d1fd8f9616a69909cec22531a01219e391bfe1df73a5151c872292fed1
20180706.0,890228.8764962063,ChiNext,ChiNext Index,49a0a4d1fd8f9616a69909cec22531a01219e391bfe1df73a5151c872292fed1
20180709.0,896445.3447868716,ChiNext,ChiNext Index,49a0a4d1fd8f9616a69909cec22531a01219e391bfe1df73a5151c872292fed1
20180710.0,879580.518554232,ChiNext,ChiNext Index,49a0a4d1fd8f9616a69909cec22531a01219e391bfe1df73a5151c872292fed1
20180711.0,908632.183478608,ChiNext,ChiNext Index,49a0a4d1fd8f9616a69909cec22531a01219e391bfe1df73a5151c872292fed1
20180712.0,910788.3676273566,ChiNext,ChiNext Index,49a0a4d1fd8f9616a69909cec22531a01219e391bfe1df73a5151c872292fed1
20180713.0,909915.8324213354,ChiNext,ChiNext Index,49a0a4d1fd8f9616a69909cec22531a01219e391bfe1df73a5151c872292fed1
20180716.0,912571.8766579776,ChiNext,ChiNext Index,49a0a4d1fd8f9616a69909cec22531a01219e391bfe1df73a5151c872292fed1
20180717.0,904835.0923607142,ChiNext,ChiNext Index,49a0a4d1fd8f9616a69909cec22531a01219e391bfe1df73a5151c872292fed1
20180718.0,894805.9001177511,ChiNext,ChiNext Index,49a0a4d1fd8f9616a69909cec22531a01219e391bfe1df73a5151c872292fed1
20180719.0,905770.8516561228,ChiNext,ChiNext Index,49a0a4d1fd8f9616a69909cec22531a01219e391bfe1df73a5151c872292fed1
20180720.0,912200.0131480328,ChiNext,ChiNext Index,49a0a4d1fd8f9616a69909cec22531a01219e391bfe1df73a5151c872292fed1
20180723.0,917060.2147915264,ChiNext,ChiNext Index,49a0a4d1fd8f9616a69909cec22531a01219e391bfe1df73a5151c872292fed1
20180724.0,918585.2859452484,ChiNext,ChiNext Index,49a0a4d1fd8f9616a69909cec22531a01219e391bfe1df73a5151c872292fed1
20180725.0,903838.3177654593,ChiNext,ChiNext Index,49a0a4d1fd8f9616a69909cec22531a01219e391bfe1df73a5151c872292fed1
20180726.0,897339.7202790271,ChiNext,ChiNext Index,49a0a4d1fd8f9616a69909cec22531a01219e391bfe1df73a5151c872292fed1
20180727.0,877685.2883568164,ChiNext,ChiNext Index,49a0a4d1fd8f9616a69909cec22531a01219e391bfe1df73a5151c872292fed1
20180730.0,878595.4480001559,ChiNext,ChiNext Index,49a0a4d1fd8f9616a69909cec22531a01219e391bfe1df73a5151c872292fed1
20180731.0,867678.8996218438,ChiNext,ChiNext Index,49a0a4d1fd8f9616a69909cec22531a01219e391bfe1df73a5151c872292fed1
20180801.0,849799.5082357061,ChiNext,ChiNext Index,49a0a4d1fd8f9616a69909cec22531a01219e391bfe1df73a5151c872292fed1
20180802.0,833772.2894564866,ChiNext,ChiNext Index,49a0a4d1fd8f9616a69909cec22531a01219e391bfe1df73a5151c872292fed1
20180803.0,810805.1979326799,ChiNext,ChiNext Index,49a0a4d1fd8f9616a69909cec22531a01219e391bfe1df73a5151c872292fed1
20180806.0,832553.425768746,ChiNext,ChiNext Index,49a0a4d1fd8f9616a69909cec22531a01219e391bfe1df73a5151c872292fed1
20180807.0,814723.4616277154,ChiNext,ChiNext Index,49a0a4d1fd8f9616a69909cec22531a01219e391bfe1df73a5151c872292fed1
20180808.0,842776.0198574801,ChiNext,ChiNext Index,49a0a4d1fd8f9616a69909cec22531a01219e391bfe1df73a5151c872292fed1
20180809.0,850711.5988751262,ChiNext,ChiNext Index,49a0a4d1fd8f9616a69909cec22531a01219e391bfe1df73a5151c872292fed1
20180810.0,861759.7903777475,ChiNext,ChiNext Index,49a0a4d1fd8f9616a69909cec22531a01219e391bfe1df73a5151c872292fed1
20180813.0,854528.7639600665,ChiNext,ChiNext Index,49a0a4d1fd8f9616a69909cec22531a01219e391bfe1df73a5151c872292fed1
20180814.0,832027.3125659336,ChiNext,ChiNext Index,49a0a4d1fd8f9616a69909cec22531a01219e391bfe1df73a5151c872292fed1
20180815.0,823791.9062271568,ChiNext,ChiNext Index,49a0a4d1fd8f9616a69909cec22531a01219e391bfe1df73a5151c872292fed1
20180816.0,807153.7811314035,ChiNext,ChiNext Index,49a0a4d1fd8f9616a69909cec22531a01219e391bfe1df73a5151c872292fed1
20180817.0,807932.6845028157,ChiNext,ChiNext Index,49a0a4d1fd8f9616a69909cec22531a01219e391bfe1df73a5151c872292fed1
20180820.0,819909.4786802238,ChiNext,ChiNext Index,49a0a4d1fd8f9616a69909cec22531a01219e391bfe1df73a5151c872292fed1
20180821.0,810106.6409013678,ChiNext,ChiNext Index,49a0a4d1fd8f9616a69909cec22531a01219e391bfe1df73a5151c872292fed1
20180822.0,819082.6225363677,ChiNext,ChiNext Index,49a0a4d1fd8f9616a69909cec22531a01219e391bfe1df73a5151c872292fed1
20180823.0,816037.273279466,ChiNext,ChiNext Index,49a0a4d1fd8f9616a69909cec22531a01219e391bfe1df73a5151c872292fed1
20180824.0,840427.8113503759,ChiNext,ChiNext Index,49a0a4d1fd8f9616a69909cec22531a01219e391bfe1df73a5151c872292fed1
20180827.0,840243.7576949382,ChiNext,ChiNext Index,49a0a4d1fd8f9616a69909cec22531a01219e391bfe1df73a5151c872292fed1
20180828.0,833538.6125071907,ChiNext,ChiNext Index,49a0a4d1fd8f9616a69909cec22531a01219e391bfe1df73a5151c872292fed1
20180829.0,820440.3867149401,ChiNext,ChiNext Index,49a0a4d1fd8f9616a69909cec22531a01219e391bfe1df73a5151c872292fed1
20180830.0,807657.1050771191,ChiNext,ChiNext Index,49a0a4d1fd8f9616a69909cec22531a01219e391bfe1df73a5151c872292fed1
20180831.0,812433.5891534992,ChiNext,ChiNext Index,49a0a4d1fd8f9616a69909cec22531a01219e391bfe1df73a5151c872292fed1
20180903.0,819082.5456409212,ChiNext,ChiNext Index,49a0a4d1fd8f9616a69909cec22531a01219e391bfe1df73a5151c872292fed1
20180904.0,804865.7299015946,ChiNext,ChiNext Index,49a0a4d1fd8f9616a69909cec22531a01219e391bfe1df73a5151c872292fed1
20180905.0,800718.2568134373,ChiNext,ChiNext Index,49a0a4d1fd8f9616a69909cec22531a01219e391bfe1df73a5151c872292fed1
20180906.0,802045.8476937807,ChiNext,ChiNext Index,49a0a4d1fd8f9616a69909cec22531a01219e391bfe1df73a5151c872292fed1
20180907.0,782683.6588463066,ChiNext,ChiNext Index,49a0a4d1fd8f9616a69909cec22531a01219e391bfe1df73a5151c872292fed1
20180910.0,785127.9799321132,ChiNext,ChiNext Index,49a0a4d1fd8f9616a69909cec22531a01219e391bfe1df73a5151c872292fed1
20180911.0,779854.2753500179,ChiNext,ChiNext Index,49a0a4d1fd8f9616a69909cec22531a01219e391bfe1df73a5151c872292fed1
20180912.0,782940.1587006428,ChiNext,ChiNext Index,49a0a4d1fd8f9616a69909cec22531a01219e391bfe1df73a5151c872292fed1
20180913.0,769032.0096960863,ChiNext,ChiNext Index,49a0a4d1fd8f9616a69909cec22531a01219e391bfe1df73a5151c872292fed1
20180914.0,759583.6823911581,ChiNext,ChiNext Index,49a0a4d1fd8f9616a69909cec22531a01219e391bfe1df73a5151c872292fed1
20180917.0,775074.6320286664,ChiNext,ChiNext Index,49a0a4d1fd8f9616a69909cec22531a01219e391bfe1df73a5151c872292fed1
20180918.0,783571.7752272425,ChiNext,ChiNext Index,49a0a4d1fd8f9616a69909cec22531a01219e391bfe1df73a5151c872292fed1
20180919.0,780879.4225837188,ChiNext,ChiNext Index,49a0a4d1fd8f9616a69909cec22531a01219e391bfe1df73a5151c872292fed1
20180920.0,794103.6156860504,ChiNext,ChiNext Index,49a0a4d1fd8f9616a69909cec22531a01219e391bfe1df73a5151c872292fed1
20180921.0,791113.81552166,ChiNext,ChiNext Index,49a0a4d1fd8f9616a69909cec22531a01219e391bfe1df73a5151c872292fed1
20180925.0,799523.3554094717,ChiNext,ChiNext Index,49a0a4d1fd8f9616a69909cec22531a01219e391bfe1df73a5151c872292fed1
20180926.0,788048.5961646617,ChiNext,ChiNext Index,49a0a4d1fd8f9616a69909cec22531a01219e391bfe1df73a5151c872292fed1
20180927.0,794228.4733067581,ChiNext,ChiNext Index,49a0a4d1fd8f9616a69909cec22531a01219e391bfe1df73a5151c872292fed1
20180928.0,761775.5036703215,ChiNext,ChiNext Index,49a0a4d1fd8f9616a69909cec22531a01219e391bfe1df73a5151c872292fed1
20181008.0,757431.8597085981,ChiNext,ChiNext Index,49a0a4d1fd8f9616a69909cec22531a01219e391bfe1df73a5151c872292fed1
20181009.0,757855.2641482693,ChiNext,ChiNext Index,49a0a4d1fd8f9616a69909cec22531a01219e391bfe1df73a5151c872292fed1
20181010.0,710121.7503123261,ChiNext,ChiNext Index,49a0a4d1fd8f9616a69909cec22531a01219e391bfe1df73a5151c872292fed1
20181011.0,713792.3695989202,ChiNext,ChiNext Index,49a0a4d1fd8f9616a69909cec22531a01219e391bfe1df73a5151c872292fed1
20181012.0,703557.3008321438,ChiNext,ChiNext Index,49a0a4d1fd8f9616a69909cec22531a01219e391bfe1df73a5151c872292fed1
20181015.0,684687.8940297853,ChiNext,ChiNext Index,49a0a4d1fd8f9616a69909cec22531a01219e391bfe1df73a5151c872292fed1
20181016.0,693227.3214109883,ChiNext,ChiNext Index,49a0a4d1fd8f9616a69909cec22531a01219e391bfe1df73a5151c872292fed1
20181017.0,678128.1371511382,ChiNext,ChiNext Index,49a0a4d1fd8f9616a69909cec22531a01219e391bfe1df73a5151c872292fed1
20181018.0,703372.1352111482,ChiNext,ChiNext Index,49a0a4d1fd8f9616a69909cec22531a01219e391bfe1df73a5151c872292fed1
20181019.0,739981.9514609972,ChiNext,ChiNext Index,49a0a4d1fd8f9616a69909cec22531a01219e391bfe1df73a5151c872292fed1
20181022.0,727101.0856417821,ChiNext,ChiNext Index,49a0a4d1fd8f9616a69909cec22531a01219e391bfe1df73a5151c872292fed1
20181023.0,722625.0513734816,ChiNext,ChiNext Index,49a0a4d1fd8f9616a69909cec22531a01219e391bfe1df73a5151c872292fed1
20181024.0,716716.8689030769,ChiNext,ChiNext Index,49a0a4d1fd8f9616a69909cec22531a01219e391bfe1df73a5151c872292fed1
20181025.0,710855.5584133875,ChiNext,ChiNext Index,49a0a4d1fd8f9616a69909cec22531a01219e391bfe1df73a5151c872292fed1
20181026.0,703704.3514486022,ChiNext,ChiNext Index,49a0a4d1fd8f9616a69909cec22531a01219e391bfe1df73a5151c872292fed1
20181029.0,709032.097101567,ChiNext,ChiNext Index,49a0a4d1fd8f9616a69909cec22531a01219e391bfe1df73a5151c872292fed1
20181030.0,717825.513210899,ChiNext,ChiNext Index,49a0a4d1fd8f9616a69909cec22531a01219e391bfe1df73a5151c872292fed1
20181031.0,723876.0643843971,ChiNext,ChiNext Index,49a0a4d1fd8f9616a69909cec22531a01219e391bfe1df73a5151c872292fed1
20181101.0,758740.107277085,ChiNext,ChiNext Index,49a0a4d1fd8f9616a69909cec22531a01219e391bfe1df73a5151c872292fed1
20181102.0,759076.2291500618,ChiNext,ChiNext Index,49a0a4d1fd8f9616a69909cec22531a01219e391bfe1df73a5151c872292fed1
20181105.0,759207.549353081,ChiNext,ChiNext Index,49a0a4d1fd8f9616a69909cec22531a01219e391bfe1df73a5151c872292fed1
20181106.0,757327.751487914,ChiNext,ChiNext Index,49a0a4d1fd8f9616a69909cec22531a01219e391bfe1df73a5151c872292fed1
20181107.0,748223.9145963265,ChiNext,ChiNext Index,49a0a4d1fd8f9616a69909cec22531a01219e391bfe1df73a5151c872292fed1
20181108.0,744419.9441564484,ChiNext,ChiNext Index,49a0a4d1fd8f9616a69909cec22531a01219e391bfe1df73a5151c872292fed1
20181109.0,770284.0707414673,ChiNext,ChiNext Index,49a0a4d1fd8f9616a69909cec22531a01219e391bfe1df73a5151c872292fed1
20181112.0,783375.818809832,ChiNext,ChiNext Index,49a0a4d1fd8f9616a69909cec22531a01219e391bfe1df73a5151c872292fed1
20181113.0,779817.7258655198,ChiNext,ChiNext Index,49a0a4d1fd8f9616a69909cec22531a01219e391bfe1df73a5151c872292fed1
20181114.0,790800.6786576376,ChiNext,ChiNext Index,49a0a4d1fd8f9616a69909cec22531a01219e391bfe1df73a5151c872292fed1
20181115.0,789695.1393622197,ChiNext,ChiNext Index,49a0a4d1fd8f9616a69909cec22531a01219e391bfe1df73a5151c872292fed1
20181116.0,784696.3690559928,ChiNext,ChiNext Index,49a0a4d1fd8f9616a69909cec22531a01219e391bfe1df73a5151c872292fed1
20181119.0,762712.3156515291,ChiNext,ChiNext Index,49a0a4d1fd8f9616a69909cec22531a01219e391bfe1df73a5151c872292fed1
20181120.0,767042.2334296528,ChiNext,ChiNext Index,49a0a4d1fd8f9616a69909cec22531a01219e391bfe1df73a5151c872292fed1
20181121.0,761919.1583186317,ChiNext,ChiNext Index,49a0a4d1fd8f9616a69909cec22531a01219e391bfe1df73a5151c872292fed1
20181122.0,736491.6303235233,ChiNext,ChiNext Index,49a0a4d1fd8f9616a69909cec22531a01219e391bfe1df73a5151c872292fed1
20181123.0,734138.5394998627,ChiNext,ChiNext Index,49a0a4d1fd8f9616a69909cec22531a01219e391bfe1df73a5151c872292fed1
20181126.0,740259.0525654423,ChiNext,ChiNext Index,49a0a4d1fd8f9616a69909cec22531a01219e391bfe1df73a5151c872292fed1
20181127.0,754693.3637602578,ChiNext,ChiNext Index,49a0a4d1fd8f9616a69909cec22531a01219e391bfe1df73a5151c872292fed1
20181128.0,738730.0897301972,ChiNext,ChiNext Index,49a0a4d1fd8f9616a69909cec22531a01219e391bfe1df73a5151c872292fed1
20181129.0,748112.7006227933,ChiNext,ChiNext Index,49a0a4d1fd8f9616a69909cec22531a01219e391bfe1df73a5151c872292fed1
20181130.0,772538.5803160054,ChiNext,ChiNext Index,49a0a4d1fd8f9616a69909cec22531a01219e391bfe1df73a5151c872292fed1
20181203.0,775892.9428814922,ChiNext,ChiNext Index,49a0a4d1fd8f9616a69909cec22531a01219e391bfe1df73a5151c872292fed1
20181204.0,777588.2688670807,ChiNext,ChiNext Index,49a0a4d1fd8f9616a69909cec22531a01219e391bfe1df73a5151c872292fed1
20181205.0,757325.8738337196,ChiNext,ChiNext Index,49a0a4d1fd8f9616a69909cec22531a01219e391bfe1df73a5151c872292fed1
20181206.0,754657.0574316316,ChiNext,ChiNext Index,49a0a4d1fd8f9616a69909cec22531a01219e391bfe1df73a5151c872292fed1
20181207.0,746682.5963353082,ChiNext,ChiNext Index,49a0a4d1fd8f9616a69909cec22531a01219e391bfe1df73a5151c872292fed1
20181210.0,753002.5178003755,ChiNext,ChiNext Index,49a0a4d1fd8f9616a69909cec22531a01219e391bfe1df73a5151c872292fed1
20181211.0,753369.2300081477,ChiNext,ChiNext Index,49a0a4d1fd8f9616a69909cec22531a01219e391bfe1df73a5151c872292fed1
20181212.0,758868.8254054859,ChiNext,ChiNext Index,49a0a4d1fd8f9616a69909cec22531a01219e391bfe1df73a5151c872292fed1
20181213.0,737458.8592536541,ChiNext,ChiNext Index,49a0a4d1fd8f9616a69909cec22531a01219e391bfe1df73a5151c872292fed1
20181214.0,731109.3384846831,ChiNext,ChiNext Index,49a0a4d1fd8f9616a69909cec22531a01219e391bfe1df73a5151c872292fed1
20181217.0,727823.0019659344,ChiNext,ChiNext Index,49a0a4d1fd8f9616a69909cec22531a01219e391bfe1df73a5151c872292fed1
20181218.0,714023.4778246476,ChiNext,ChiNext Index,49a0a4d1fd8f9616a69909cec22531a01219e391bfe1df73a5151c872292fed1
20181219.0,719281.5467023674,ChiNext,ChiNext Index,49a0a4d1fd8f9616a69909cec22531a01219e391bfe1df73a5151c872292fed1
20181220.0,714862.2809676252,ChiNext,ChiNext Index,49a0a4d1fd8f9616a69909cec22531a01219e391bfe1df73a5151c872292fed1
20181221.0,722756.5050796636,ChiNext,ChiNext Index,49a0a4d1fd8f9616a69909cec22531a01219e391bfe1df73a5151c872292fed1
20181224.0,716631.1437413293,ChiNext,ChiNext Index,49a0a4d1fd8f9616a69909cec22531a01219e391bfe1df73a5151c872292fed1
20181225.0,711354.5885846589,ChiNext,ChiNext Index,49a0a4d1fd8f9616a69909cec22531a01219e391bfe1df73a5151c872292fed1
20181226.0,702353.8190047367,ChiNext,ChiNext Index,49a0a4d1fd8f9616a69909cec22531a01219e391bfe1df73a5151c872292fed1
20181227.0,703731.8371668514,ChiNext,ChiNext Index,49a0a4d1fd8f9616a69909cec22531a01219e391bfe1df73a5151c872292fed1
20181228.0,691487.606959785,ChiNext,ChiNext Index,49a0a4d1fd8f9616a69909cec22531a01219e391bfe1df73a5151c872292fed1
20190102.0,683457.3613343125,ChiNext,ChiNext Index,49a0a4d1fd8f9616a69909cec22531a01219e391bfe1df73a5151c872292fed1
20190103.0,700711.2425038221,ChiNext,ChiNext Index,49a0a4d1fd8f9616a69909cec22531a01219e391bfe1df73a5151c872292fed1
20190104.0,713598.723607632,ChiNext,ChiNext Index,49a0a4d1fd8f9616a69909cec22531a01219e391bfe1df73a5151c872292fed1
20190107.0,711039.045002018,ChiNext,ChiNext Index,49a0a4d1fd8f9616a69909cec22531a01219e391bfe1df73a5151c872292fed1
20190108.0,710480.1683021032,ChiNext,ChiNext Index,49a0a4d1fd8f9616a69909cec22531a01219e391bfe1df73a5151c872292fed1
20190109.0,708495.0867154603,ChiNext,ChiNext Index,49a0a4d1fd8f9616a69909cec22531a01219e391bfe1df73a5151c872292fed1
20190110.0,709941.833671503,ChiNext,ChiNext Index,49a0a4d1fd8f9616a69909cec22531a01219e391bfe1df73a5151c872292fed1
20190111.0,701184.7011289534,ChiNext,ChiNext Index,49a0a4d1fd8f9616a69909cec22531a01219e391bfe1df73a5151c872292fed1
20190114.0,712595.0797847756,ChiNext,ChiNext Index,49a0a4d1fd8f9616a69909cec22531a01219e391bfe1df73a5151c872292fed1
20190115.0,713174.4195803034,ChiNext,ChiNext Index,49a0a4d1fd8f9616a69909cec22531a01219e391bfe1df73a5151c872292fed1
20190116.0,704231.925565936,ChiNext,ChiNext Index,49a0a4d1fd8f9616a69909cec22531a01219e391bfe1df73a5151c872292fed1
20190117.0,714412.302273107,ChiNext,ChiNext Index,49a0a4d1fd8f9616a69909cec22531a01219e391bfe1df73a5151c872292fed1
20190118.0,717385.6862987689,ChiNext,ChiNext Index,49a0a4d1fd8f9616a69909cec22531a01219e391bfe1df73a5151c872292fed1
20190121.0,704695.8508380819,ChiNext,ChiNext Index,49a0a4d1fd8f9616a69909cec22531a01219e391bfe1df73a5151c872292fed1
20190122.0,704070.0809385042,ChiNext,ChiNext Index,49a0a4d1fd8f9616a69909cec22531a01219e391bfe1df73a5151c872292fed1
20190123.0,711967.6351083083,ChiNext,ChiNext Index,49a0a4d1fd8f9616a69909cec22531a01219e391bfe1df73a5151c872292fed1
20190124.0,712154.8825473415,ChiNext,ChiNext Index,49a0a4d1fd8f9616a69909cec22531a01219e391bfe1df73a5151c872292fed1
20190125.0,708918.8507922654,ChiNext,ChiNext Index,49a0a4d1fd8f9616a69909cec22531a01219e391bfe1df73a5151c872292fed1
20190128.0,699829.8021717079,ChiNext,ChiNext Index,49a0a4d1fd8f9616a69909cec22531a01219e391bfe1df73a5151c872292fed1
20190129.0,692641.8502674603,ChiNext,ChiNext Index,49a0a4d1fd8f9616a69909cec22531a01219e391bfe1df73a5151c872292fed1
20190130.0,691048.7740474823,ChiNext,ChiNext Index,49a0a4d1fd8f9616a69909cec22531a01219e391bfe1df73a5151c872292fed1
20190131.0,715408.2432900519,ChiNext,ChiNext Index,49a0a4d1fd8f9616a69909cec22531a01219e391bfe1df73a5151c872292fed1
20190201.0,740632.1071136114,ChiNext,ChiNext Index,49a0a4d1fd8f9616a69909cec22531a01219e391bfe1df73a5151c872292fed1
20190211.0,749732.9944660851,ChiNext,ChiNext Index,49a0a4d1fd8f9616a69909cec22531a01219e391bfe1df73a5151c872292fed1
20190212.0,764024.4048254823,ChiNext,ChiNext Index,49a0a4d1fd8f9616a69909cec22531a01219e391bfe1df73a5151c872292fed1
20190213.0,766428.7896623447,ChiNext,ChiNext Index,49a0a4d1fd8f9616a69909cec22531a01219e391bfe1df73a5151c872292fed1
20190214.0,764120.3061148946,ChiNext,ChiNext Index,49a0a4d1fd8f9616a69909cec22531a01219e391bfe1df73a5151c872292fed1
20190215.0,795501.1988405884,ChiNext,ChiNext Index,49a0a4d1fd8f9616a69909cec22531a01219e391bfe1df73a5151c872292fed1
20190218.0,791245.2674464802,ChiNext,ChiNext Index,49a0a4d1fd8f9616a69909cec22531a01219e391bfe1df73a5151c872292fed1
20190219.0,792565.064572501,ChiNext,ChiNext Index,49a0a4d1fd8f9616a69909cec22531a01219e391bfe1df73a5151c872292fed1
20190220.0,794902.3388835734,ChiNext,ChiNext Index,49a0a4d1fd8f9616a69909cec22531a01219e391bfe1df73a5151c872292fed1
20190221.0,819530.7980969895,ChiNext,ChiNext Index,49a0a4d1fd8f9616a69909cec22531a01219e391bfe1df73a5151c872292fed1
20190222.0,864591.0599402164,ChiNext,ChiNext Index,49a0a4d1fd8f9616a69909cec22531a01219e391bfe1df73a5151c872292fed1
20190225.0,870565.3841725411,ChiNext,ChiNext Index,49a0a4d1fd8f9616a69909cec22531a01219e391bfe1df73a5151c872292fed1
20190226.0,855614.29430814,ChiNext,ChiNext Index,49a0a4d1fd8f9616a69909cec22531a01219e391bfe1df73a5151c872292fed1
20190227.0,864202.0949621119,ChiNext,ChiNext Index,49a0a4d1fd8f9616a69909cec22531a01219e391bfe1df73a5151c872292fed1
20190228.0,882318.3634148716,ChiNext,ChiNext Index,49a0a4d1fd8f9616a69909cec22531a01219e391bfe1df73a5151c872292fed1
20190301.0,911489.5731476556,ChiNext,ChiNext Index,49a0a4d1fd8f9616a69909cec22531a01219e391bfe1df73a5151c872292fed1
20190304.0,943485.5916419586,ChiNext,ChiNext Index,49a0a4d1fd8f9616a69909cec22531a01219e391bfe1df73a5151c872292fed1
20190305.0,956951.961559893,ChiNext,ChiNext Index,49a0a4d1fd8f9616a69909cec22531a01219e391bfe1df73a5151c872292fed1
20190306.0,952404.5257623655,ChiNext,ChiNext Index,49a0a4d1fd8f9616a69909cec22531a01219e391bfe1df73a5151c872292fed1
20190307.0,931059.2356086698,ChiNext,ChiNext Index,49a0a4d1fd8f9616a69909cec22531a01219e391bfe1df73a5151c872292fed1
20190308.0,972317.263443816,ChiNext,ChiNext Index,49a0a4d1fd8f9616a69909cec22531a01219e391bfe1df73a5151c872292fed1
20190311.0,997996.1620601802,ChiNext,ChiNext Index,49a0a4d1fd8f9616a69909cec22531a01219e391bfe1df73a5151c872292fed1
20190312.0,953217.0726235592,ChiNext,ChiNext Index,49a0a4d1fd8f9616a69909cec22531a01219e391bfe1df73a5151c872292fed1
20190313.0,928639.3236315307,ChiNext,ChiNext Index,49a0a4d1fd8f9616a69909cec22531a01219e391bfe1df73a5151c872292fed1
20190314.0,935638.4782131033,ChiNext,ChiNext Index,49a0a4d1fd8f9616a69909cec22531a01219e391bfe1df73a5151c872292fed1
20190315.0,960643.4165435884,ChiNext,ChiNext Index,49a0a4d1fd8f9616a69909cec22531a01219e391bfe1df73a5151c872292fed1
20190318.0,961666.5017521592,ChiNext,ChiNext Index,49a0a4d1fd8f9616a69909cec22531a01219e391bfe1df73a5151c872292fed1
20190319.0,949863.0071496179,ChiNext,ChiNext Index,49a0a4d1fd8f9616a69909cec22531a01219e391bfe1df73a5151c872292fed1
20190320.0,958841.1122667266,ChiNext,ChiNext Index,49a0a4d1fd8f9616a69909cec22531a01219e391bfe1df73a5151c872292fed1
20190321.0,953219.4267920076,ChiNext,ChiNext Index,49a0a4d1fd8f9616a69909cec22531a01219e391bfe1df73a5151c872292fed1
20190322.0,939137.5162461177,ChiNext,ChiNext Index,49a0a4d1fd8f9616a69909cec22531a01219e391bfe1df73a5151c872292fed1
20190325.0,917387.0912983259,ChiNext,ChiNext Index,49a0a4d1fd8f9616a69909cec22531a01219e391bfe1df73a5151c872292fed1
20190326.0,921654.776116918,ChiNext,ChiNext Index,49a0a4d1fd8f9616a69909cec22531a01219e391bfe1df73a5151c872292fed1
20190327.0,915490.7489374237,ChiNext,ChiNext Index,49a0a4d1fd8f9616a69909cec22531a01219e391bfe1df73a5151c872292fed1
20190328.0,953041.4330321732,ChiNext,ChiNext Index,49a0a4d1fd8f9616a69909cec22531a01219e391bfe1df73a5151c872292fed1
20190329.0,990940.0785235319,ChiNext,ChiNext Index,49a0a4d1fd8f9616a69909cec22531a01219e391bfe1df73a5151c872292fed1
20190401.0,987149.7328286014,ChiNext,ChiNext Index,49a0a4d1fd8f9616a69909cec22531a01219e391bfe1df73a5151c872292fed1
20190402.0,995040.0210219682,ChiNext,ChiNext Index,49a0a4d1fd8f9616a69909cec22531a01219e391bfe1df73a5151c872292fed1
20190403.0,1000152.536022914,ChiNext,ChiNext Index,49a0a4d1fd8f9616a69909cec22531a01219e391bfe1df73a5151c872292fed1
20190404.0,978988.3084204358,ChiNext,ChiNext Index,49a0a4d1fd8f9616a69909cec22531a01219e391bfe1df73a5151c872292fed1
20190408.0,979841.0072732682,ChiNext,ChiNext Index,49a0a4d1fd8f9616a69909cec22531a01219e391bfe1df73a5151c872292fed1
20190409.0,971661.2945152292,ChiNext,ChiNext Index,49a0a4d1fd8f9616a69909cec22531a01219e391bfe1df73a5151c872292fed1
20190410.0,951665.476796224,ChiNext,ChiNext Index,49a0a4d1fd8f9616a69909cec22531a01219e391bfe1df73a5151c872292fed1
20190411.0,954268.2818716543,ChiNext,ChiNext Index,49a0a4d1fd8f9616a69909cec22531a01219e391bfe1df73a5151c872292fed1
20190412.0,938042.858200703,ChiNext,ChiNext Index,49a0a4d1fd8f9616a69909cec22531a01219e391bfe1df73a5151c872292fed1
20190415.0,955281.2718065886,ChiNext,ChiNext Index,49a0a4d1fd8f9616a69909cec22531a01219e391bfe1df73a5151c872292fed1
20190416.0,966484.810617777,ChiNext,ChiNext Index,49a0a4d1fd8f9616a69909cec22531a01219e391bfe1df73a5151c872292fed1
20190417.0,959231.3421106013,ChiNext,ChiNext Index,49a0a4d1fd8f9616a69909cec22531a01219e391bfe1df73a5151c872292fed1
20190418.0,965561.3097628937,ChiNext,ChiNext Index,49a0a4d1fd8f9616a69909cec22531a01219e391bfe1df73a5151c872292fed1
20190419.0,955272.2883995454,ChiNext,ChiNext Index,49a0a4d1fd8f9616a69909cec22531a01219e391bfe1df73a5151c872292fed1
20190422.0,947555.5988518815,ChiNext,ChiNext Index,49a0a4d1fd8f9616a69909cec22531a01219e391bfe1df73a5151c872292fed1
20190423.0,967278.0210946318,ChiNext,ChiNext Index,49a0a4d1fd8f9616a69909cec22531a01219e391bfe1df73a5151c872292fed1
20190424.0,939777.3397039894,ChiNext,ChiNext Index,49a0a4d1fd8f9616a69909cec22531a01219e391bfe1df73a5151c872292fed1
20190425.0,932937.6401520952,ChiNext,ChiNext Index,49a0a4d1fd8f9616a69909cec22531a01219e391bfe1df73a5151c872292fed1
20190426.0,909185.047884863,ChiNext,ChiNext Index,49a0a4d1fd8f9616a69909cec22531a01219e391bfe1df73a5151c872292fed1
20190429.0,913780.0690984661,ChiNext,ChiNext Index,49a0a4d1fd8f9616a69909cec22531a01219e391bfe1df73a5151c872292fed1
20190430.0,841244.2072393763,ChiNext,ChiNext Index,49a0a4d1fd8f9616a69909cec22531a01219e391bfe1df73a5151c872292fed1
20190506.0,846464.9687621599,ChiNext,ChiNext Index,49a0a4d1fd8f9616a69909cec22531a01219e391bfe1df73a5151c872292fed1
20190507.0,833920.3579232264,ChiNext,ChiNext Index,49a0a4d1fd8f9616a69909cec22531a01219e391bfe1df73a5151c872292fed1
20190508.0,826943.7802208507,ChiNext,ChiNext Index,49a0a4d1fd8f9616a69909cec22531a01219e391bfe1df73a5151c872292fed1
20190509.0,863182.1105104702,ChiNext,ChiNext Index,49a0a4d1fd8f9616a69909cec22531a01219e391bfe1df73a5151c872292fed1
20190510.0,845845.9610105526,ChiNext,ChiNext Index,49a0a4d1fd8f9616a69909cec22531a01219e391bfe1df73a5151c872292fed1
20190513.0,841083.8482676008,ChiNext,ChiNext Index,49a0a4d1fd8f9616a69909cec22531a01219e391bfe1df73a5151c872292fed1
20190514.0,860266.4476510168,ChiNext,ChiNext Index,49a0a4d1fd8f9616a69909cec22531a01219e391bfe1df73a5151c872292fed1
20190515.0,863068.335433638,ChiNext,ChiNext Index,49a0a4d1fd8f9616a69909cec22531a01219e391bfe1df73a5151c872292fed1
20190516.0,832160.9952504225,ChiNext,ChiNext Index,49a0a4d1fd8f9616a69909cec22531a01219e391bfe1df73a5151c872292fed1
20190517.0,826850.1438338731,ChiNext,ChiNext Index,49a0a4d1fd8f9616a69909cec22531a01219e391bfe1df73a5151c872292fed1
20190520.0,840584.1246518061,ChiNext,ChiNext Index,49a0a4d1fd8f9616a69909cec22531a01219e391bfe1df73a5151c872292fed1
20190521.0,837720.2545868302,ChiNext,ChiNext Index,49a0a4d1fd8f9616a69909cec22531a01219e391bfe1df73a5151c872292fed1
20190522.0,816683.4235403021,ChiNext,ChiNext Index,49a0a4d1fd8f9616a69909cec22531a01219e391bfe1df73a5151c872292fed1
20190523.0,812463.6203386505,ChiNext,ChiNext Index,49a0a4d1fd8f9616a69909cec22531a01219e391bfe1df73a5151c872292fed1
20190524.0,839590.9681011244,ChiNext,ChiNext Index,49a0a4d1fd8f9616a69909cec22531a01219e391bfe1df73a5151c872292fed1
20190527.0,847025.5461676738,ChiNext,ChiNext Index,49a0a4d1fd8f9616a69909cec22531a01219e391bfe1df73a5151c872292fed1
20190528.0,842933.5657622408,ChiNext,ChiNext Index,49a0a4d1fd8f9616a69909cec22531a01219e391bfe1df73a5151c872292fed1
20190529.0,835814.9917603311,ChiNext,ChiNext Index,49a0a4d1fd8f9616a69909cec22531a01219e391bfe1df73a5151c872292fed1
20190530.0,834924.0130280402,ChiNext,ChiNext Index,49a0a4d1fd8f9616a69909cec22531a01219e391bfe1df73a5151c872292fed1
20190531.0,826664.9446638989,ChiNext,ChiNext Index,49a0a4d1fd8f9616a69909cec22531a01219e391bfe1df73a5151c872292fed1
20190603.0,819510.1595372494,ChiNext,ChiNext Index,49a0a4d1fd8f9616a69909cec22531a01219e391bfe1df73a5151c872292fed1
20190604.0,816645.1520728293,ChiNext,ChiNext Index,49a0a4d1fd8f9616a69909cec22531a01219e391bfe1df73a5151c872292fed1
20190605.0,796880.7060231535,ChiNext,ChiNext Index,49a0a4d1fd8f9616a69909cec22531a01219e391bfe1df73a5151c872292fed1
20190606.0,805480.6425995518,ChiNext,ChiNext Index,49a0a4d1fd8f9616a69909cec22531a01219e391bfe1df73a5151c872292fed1
20190610.0,837001.5166078053,ChiNext,ChiNext Index,49a0a4d1fd8f9616a69909cec22531a01219e391bfe1df73a5151c872292fed1
20190611.0,829433.3488834334,ChiNext,ChiNext Index,49a0a4d1fd8f9616a69909cec22531a01219e391bfe1df73a5151c872292fed1
20190612.0,832770.159296251,ChiNext,ChiNext Index,49a0a4d1fd8f9616a69909cec22531a01219e391bfe1df73a5151c872292fed1
20190613.0,818210.0057835669,ChiNext,ChiNext Index,49a0a4d1fd8f9616a69909cec22531a01219e391bfe1df73a5151c872292fed1
20190614.0,811676.598906122,ChiNext,ChiNext Index,49a0a4d1fd8f9616a69909cec22531a01219e391bfe1df73a5151c872292fed1
20190617.0,819216.2628640343,ChiNext,ChiNext Index,49a0a4d1fd8f9616a69909cec22531a01219e391bfe1df73a5151c872292fed1
20190618.0,827230.6555579684,ChiNext,ChiNext Index,49a0a4d1fd8f9616a69909cec22531a01219e391bfe1df73a5151c872292fed1
20190619.0,843002.6351921115,ChiNext,ChiNext Index,49a0a4d1fd8f9616a69909cec22531a01219e391bfe1df73a5151c872292fed1
20190620.0,857518.2976129539,ChiNext,ChiNext Index,49a0a4d1fd8f9616a69909cec22531a01219e391bfe1df73a5151c872292fed1
20190621.0,852259.9953768518,ChiNext,ChiNext Index,49a0a4d1fd8f9616a69909cec22531a01219e391bfe1df73a5151c872292fed1
20190624.0,843256.7208065238,ChiNext,ChiNext Index,49a0a4d1fd8f9616a69909cec22531a01219e391bfe1df73a5151c872292fed1
20190625.0,846679.4998338543,ChiNext,ChiNext Index,49a0a4d1fd8f9616a69909cec22531a01219e391bfe1df73a5151c872292fed1
20190626.0,858325.5763938191,ChiNext,ChiNext Index,49a0a4d1fd8f9616a69909cec22531a01219e391bfe1df73a5151c872292fed1
20190627.0,850595.4962513064,ChiNext,ChiNext Index,49a0a4d1fd8f9616a69909cec22531a01219e391bfe1df73a5151c872292fed1
20190628.0,882476.6660024958,ChiNext,ChiNext Index,49a0a4d1fd8f9616a69909cec22531a01219e391bfe1df73a5151c872292fed1
20190701.0,883800.3810356422,ChiNext,ChiNext Index,49a0a4d1fd8f9616a69909cec22531a01219e391bfe1df73a5151c872292fed1
20190702.0,869081.5694547107,ChiNext,ChiNext Index,49a0a4d1fd8f9616a69909cec22531a01219e391bfe1df73a5151c872292fed1
20190703.0,862546.0761078947,ChiNext,ChiNext Index,49a0a4d1fd8f9616a69909cec22531a01219e391bfe1df73a5151c872292fed1
20190704.0,870983.5017286215,ChiNext,ChiNext Index,49a0a4d1fd8f9616a69909cec22531a01219e391bfe1df73a5151c872292fed1
20190705.0,847868.4705899043,ChiNext,ChiNext Index,49a0a4d1fd8f9616a69909cec22531a01219e391bfe1df73a5151c872292fed1
20190708.0,854133.3707403454,ChiNext,ChiNext Index,49a0a4d1fd8f9616a69909cec22531a01219e391bfe1df73a5151c872292fed1
20190709.0,849992.5321359035,ChiNext,ChiNext Index,49a0a4d1fd8f9616a69909cec22531a01219e391bfe1df73a5151c872292fed1
20190710.0,852110.7136048664,ChiNext,ChiNext Index,49a0a4d1fd8f9616a69909cec22531a01219e391bfe1df73a5151c872292fed1
20190711.0,854291.2649013181,ChiNext,ChiNext Index,49a0a4d1fd8f9616a69909cec22531a01219e391bfe1df73a5151c872292fed1
20190712.0,870832.9065982421,ChiNext,ChiNext Index,49a0a4d1fd8f9616a69909cec22531a01219e391bfe1df73a5151c872292fed1
20190715.0,869598.065580538,ChiNext,ChiNext Index,49a0a4d1fd8f9616a69909cec22531a01219e391bfe1df73a5151c872292fed1
20190716.0,872379.909778226,ChiNext,ChiNext Index,49a0a4d1fd8f9616a69909cec22531a01219e391bfe1df73a5151c872292fed1
20190717.0,857895.7861683185,ChiNext,ChiNext Index,49a0a4d1fd8f9616a69909cec22531a01219e391bfe1df73a5151c872292fed1
20190718.0,867745.2877065006,ChiNext,ChiNext Index,49a0a4d1fd8f9616a69909cec22531a01219e391bfe1df73a5151c872292fed1
20190719.0,853104.689186071,ChiNext,ChiNext Index,49a0a4d1fd8f9616a69909cec22531a01219e391bfe1df73a5151c872292fed1
20190722.0,863775.3226602215,ChiNext,ChiNext Index,49a0a4d1fd8f9616a69909cec22531a01219e391bfe1df73a5151c872292fed1
20190723.0,874350.5239368735,ChiNext,ChiNext Index,49a0a4d1fd8f9616a69909cec22531a01219e391bfe1df73a5151c872292fed1
20190724.0,881305.1079580797,ChiNext,ChiNext Index,49a0a4d1fd8f9616a69909cec22531a01219e391bfe1df73a5151c872292fed1
20190725.0,878929.1094167695,ChiNext,ChiNext Index,49a0a4d1fd8f9616a69909cec22531a01219e391bfe1df73a5151c872292fed1
20190726.0,881556.2284959458,ChiNext,ChiNext Index,49a0a4d1fd8f9616a69909cec22531a01219e391bfe1df73a5151c872292fed1
20190729.0,889212.5443308683,ChiNext,ChiNext Index,49a0a4d1fd8f9616a69909cec22531a01219e391bfe1df73a5151c872292fed1
20190730.0,883733.2166731432,ChiNext,ChiNext Index,49a0a4d1fd8f9616a69909cec22531a01219e391bfe1df73a5151c872292fed1
20190731.0,885688.0345079687,ChiNext,ChiNext Index,49a0a4d1fd8f9616a69909cec22531a01219e391bfe1df73a5151c872292fed1
20190801.0,876052.6344364181,ChiNext,ChiNext Index,49a0a4d1fd8f9616a69909cec22531a01219e391bfe1df73a5151c872292fed1
20190802.0,861774.7285800538,ChiNext,ChiNext Index,49a0a4d1fd8f9616a69909cec22531a01219e391bfe1df73a5151c872292fed1
20190805.0,848572.3397407646,ChiNext,ChiNext Index,49a0a4d1fd8f9616a69909cec22531a01219e391bfe1df73a5151c872292fed1
20190806.0,844261.5922844838,ChiNext,ChiNext Index,49a0a4d1fd8f9616a69909cec22531a01219e391bfe1df73a5151c872292fed1
20190807.0,857048.7782712888,ChiNext,ChiNext Index,49a0a4d1fd8f9616a69909cec22531a01219e391bfe1df73a5151c872292fed1
20190808.0,848456.8643541916,ChiNext,ChiNext Index,49a0a4d1fd8f9616a69909cec22531a01219e391bfe1df73a5151c872292fed1
20190809.0,866581.5998170311,ChiNext,ChiNext Index,49a0a4d1fd8f9616a69909cec22531a01219e391bfe1df73a5151c872292fed1
20190812.0,857827.3925672834,ChiNext,ChiNext Index,49a0a4d1fd8f9616a69909cec22531a01219e391bfe1df73a5151c872292fed1
20190813.0,864750.9173597094,ChiNext,ChiNext Index,49a0a4d1fd8f9616a69909cec22531a01219e391bfe1df73a5151c872292fed1
20190814.0,875506.6893338213,ChiNext,ChiNext Index,49a0a4d1fd8f9616a69909cec22531a01219e391bfe1df73a5151c872292fed1
20190815.0,882383.7943145093,ChiNext,ChiNext Index,49a0a4d1fd8f9616a69909cec22531a01219e391bfe1df73a5151c872292fed1
20190816.0,913251.3442214752,ChiNext,ChiNext Index,49a0a4d1fd8f9616a69909cec22531a01219e391bfe1df73a5151c872292fed1
20190819.0,906919.7726509027,ChiNext,ChiNext Index,49a0a4d1fd8f9616a69909cec22531a01219e391bfe1df73a5151c872292fed1
20190820.0,905929.4163018458,ChiNext,ChiNext Index,49a0a4d1fd8f9616a69909cec22531a01219e391bfe1df73a5151c872292fed1
20190821.0,907969.5693781358,ChiNext,ChiNext Index,49a0a4d1fd8f9616a69909cec22531a01219e391bfe1df73a5151c872292fed1
20190822.0,909151.7457237759,ChiNext,ChiNext Index,49a0a4d1fd8f9616a69909cec22531a01219e391bfe1df73a5151c872292fed1
20190823.0,900843.0079483013,ChiNext,ChiNext Index,49a0a4d1fd8f9616a69909cec22531a01219e391bfe1df73a5151c872292fed1
20190826.0,916220.3980537428,ChiNext,ChiNext Index,49a0a4d1fd8f9616a69909cec22531a01219e391bfe1df73a5151c872292fed1
20190827.0,914570.2851063063,ChiNext,ChiNext Index,49a0a4d1fd8f9616a69909cec22531a01219e391bfe1df73a5151c872292fed1
20190828.0,912135.699063215,ChiNext,ChiNext Index,49a0a4d1fd8f9616a69909cec22531a01219e391bfe1df73a5151c872292fed1
20190829.0,906528.8008698808,ChiNext,ChiNext Index,49a0a4d1fd8f9616a69909cec22531a01219e391bfe1df73a5151c872292fed1
20190830.0,929821.151918888,ChiNext,ChiNext Index,49a0a4d1fd8f9616a69909cec22531a01219e391bfe1df73a5151c872292fed1
20190902.0,934401.4508708083,ChiNext,ChiNext Index,49a0a4d1fd8f9616a69909cec22531a01219e391bfe1df73a5151c872292fed1
20190903.0,939456.5627775731,ChiNext,ChiNext Index,49a0a4d1fd8f9616a69909cec22531a01219e391bfe1df73a5151c872292fed1
20190904.0,950511.1480821514,ChiNext,ChiNext Index,49a0a4d1fd8f9616a69909cec22531a01219e391bfe1df73a5151c872292fed1
20190905.0,952303.8121243261,ChiNext,ChiNext Index,49a0a4d1fd8f9616a69909cec22531a01219e391bfe1df73a5151c872292fed1
20190906.0,975371.4673548961,ChiNext,ChiNext Index,49a0a4d1fd8f9616a69909cec22531a01219e391bfe1df73a5151c872292fed1
20190909.0,970913.044420059,ChiNext,ChiNext Index,49a0a4d1fd8f9616a69909cec22531a01219e391bfe1df73a5151c872292fed1
20190910.0,958662.0636438731,ChiNext,ChiNext Index,49a0a4d1fd8f9616a69909cec22531a01219e391bfe1df73a5151c872292fed1
20190911.0,962620.3792773987,ChiNext,ChiNext Index,49a0a4d1fd8f9616a69909cec22531a01219e391bfe1df73a5151c872292fed1
20190912.0,964756.4338410301,ChiNext,ChiNext Index,49a0a4d1fd8f9616a69909cec22531a01219e391bfe1df73a5151c872292fed1
20190916.0,944283.337564661,ChiNext,ChiNext Index,49a0a4d1fd8f9616a69909cec22531a01219e391bfe1df73a5151c872292fed1
20190917.0,945025.5442913062,ChiNext,ChiNext Index,49a0a4d1fd8f9616a69909cec22531a01219e391bfe1df73a5151c872292fed1
20190918.0,959821.8092809403,ChiNext,ChiNext Index,49a0a4d1fd8f9616a69909cec22531a01219e391bfe1df73a5151c872292fed1
20190919.0,959510.8269738918,ChiNext,ChiNext Index,49a0a4d1fd8f9616a69909cec22531a01219e391bfe1df73a5151c872292fed1
20190920.0,947848.9324168711,ChiNext,ChiNext Index,49a0a4d1fd8f9616a69909cec22531a01219e391bfe1df73a5151c872292fed1
20190923.0,953629.8630174815,ChiNext,ChiNext Index,49a0a4d1fd8f9616a69909cec22531a01219e391bfe1df73a5151c872292fed1
20190924.0,941277.4954464635,ChiNext,ChiNext Index,49a0a4d1fd8f9616a69909cec22531a01219e391bfe1df73a5151c872292fed1
20190925.0,913784.6623396046,ChiNext,ChiNext Index,49a0a4d1fd8f9616a69909cec22531a01219e391bfe1df73a5151c872292fed1
20190926.0,927145.107839639,ChiNext,ChiNext Index,49a0a4d1fd8f9616a69909cec22531a01219e391bfe1df73a5151c872292fed1
20190927.0,915896.9834254744,ChiNext,ChiNext Index,49a0a4d1fd8f9616a69909cec22531a01219e391bfe1df73a5151c872292fed1
20190930.0,909728.4172374089,ChiNext,ChiNext Index,49a0a4d1fd8f9616a69909cec22531a01219e391bfe1df73a5151c872292fed1
20191008.0,913009.8076074737,ChiNext,ChiNext Index,49a0a4d1fd8f9616a69909cec22531a01219e391bfe1df73a5151c872292fed1
20191009.0,938081.05692924,ChiNext,ChiNext Index,49a0a4d1fd8f9616a69909cec22531a01219e391bfe1df73a5151c872292fed1
20191010.0,938006.9485219483,ChiNext,ChiNext Index,49a0a4d1fd8f9616a69909cec22531a01219e391bfe1df73a5151c872292fed1
20191011.0,945066.3888367874,ChiNext,ChiNext Index,49a0a4d1fd8f9616a69909cec22531a01219e391bfe1df73a5151c872292fed1
20191014.0,934660.262833664,ChiNext,ChiNext Index,49a0a4d1fd8f9616a69909cec22531a01219e391bfe1df73a5151c872292fed1
20191015.0,932119.8562854386,ChiNext,ChiNext Index,49a0a4d1fd8f9616a69909cec22531a01219e391bfe1df73a5151c872292fed1
20191016.0,933181.5407320346,ChiNext,ChiNext Index,49a0a4d1fd8f9616a69909cec22531a01219e391bfe1df73a5151c872292fed1
20191017.0,927759.7560053838,ChiNext,ChiNext Index,49a0a4d1fd8f9616a69909cec22531a01219e391bfe1df73a5151c872292fed1
20191018.0,925443.1399479948,ChiNext,ChiNext Index,49a0a4d1fd8f9616a69909cec22531a01219e391bfe1df73a5151c872292fed1
20191021.0,938026.390303521,ChiNext,ChiNext Index,49a0a4d1fd8f9616a69909cec22531a01219e391bfe1df73a5151c872292fed1
20191022.0,928696.7797707046,ChiNext,ChiNext Index,49a0a4d1fd8f9616a69909cec22531a01219e391bfe1df73a5151c872292fed1
20191023.0,930708.3370435139,ChiNext,ChiNext Index,49a0a4d1fd8f9616a69909cec22531a01219e391bfe1df73a5151c872292fed1
20191024.0,942793.5847765749,ChiNext,ChiNext Index,49a0a4d1fd8f9616a69909cec22531a01219e391bfe1df73a5151c872292fed1
20191025.0,959156.7102798639,ChiNext,ChiNext Index,49a0a4d1fd8f9616a69909cec22531a01219e391bfe1df73a5151c872292fed1
20191028.0,949119.1352456433,ChiNext,ChiNext Index,49a0a4d1fd8f9616a69909cec22531a01219e391bfe1df73a5151c872292fed1
20191029.0,947711.5916071705,ChiNext,ChiNext Index,49a0a4d1fd8f9616a69909cec22531a01219e391bfe1df73a5151c872292fed1
20191030.0,940527.9377328422,ChiNext,ChiNext Index,49a0a4d1fd8f9616a69909cec22531a01219e391bfe1df73a5151c872292fed1
20191031.0,949354.7924753602,ChiNext,ChiNext Index,49a0a4d1fd8f9616a69909cec22531a01219e391bfe1df73a5151c872292fed1
20191101.0,956625.9008177868,ChiNext,ChiNext Index,49a0a4d1fd8f9616a69909cec22531a01219e391bfe1df73a5151c872292fed1
20191104.0,964149.76350365,ChiNext,ChiNext Index,49a0a4d1fd8f9616a69909cec22531a01219e391bfe1df73a5151c872292fed1
20191105.0,958369.6856804701,ChiNext,ChiNext Index,49a0a4d1fd8f9616a69909cec22531a01219e391bfe1df73a5151c872292fed1
20191106.0,965436.7037100436,ChiNext,ChiNext Index,49a0a4d1fd8f9616a69909cec22531a01219e391bfe1df73a5151c872292fed1
20191107.0,962983.5290586684,ChiNext,ChiNext Index,49a0a4d1fd8f9616a69909cec22531a01219e391bfe1df73a5151c872292fed1
20191108.0,941550.4046109748,ChiNext,ChiNext Index,49a0a4d1fd8f9616a69909cec22531a01219e391bfe1df73a5151c872292fed1
20191111.0,940601.3218186746,ChiNext,ChiNext Index,49a0a4d1fd8f9616a69909cec22531a01219e391bfe1df73a5151c872292fed1
20191112.0,946426.465816631,ChiNext,ChiNext Index,49a0a4d1fd8f9616a69909cec22531a01219e391bfe1df73a5151c872292fed1
20191113.0,952497.7916261101,ChiNext,ChiNext Index,49a0a4d1fd8f9616a69909cec22531a01219e391bfe1df73a5151c872292fed1
20191114.0,942481.3248373305,ChiNext,ChiNext Index,49a0a4d1fd8f9616a69909cec22531a01219e391bfe1df73a5151c872292fed1
20191115.0,946818.6238855792,ChiNext,ChiNext Index,49a0a4d1fd8f9616a69909cec22531a01219e391bfe1df73a5151c872292fed1
20191118.0,973035.0848132826,ChiNext,ChiNext Index,49a0a4d1fd8f9616a69909cec22531a01219e391bfe1df73a5151c872292fed1
20191119.0,967736.9087748602,ChiNext,ChiNext Index,49a0a4d1fd8f9616a69909cec22531a01219e391bfe1df73a5151c872292fed1
20191120.0,964100.1534710398,ChiNext,ChiNext Index,49a0a4d1fd8f9616a69909cec22531a01219e391bfe1df73a5151c872292fed1
20191121.0,945305.0209405401,ChiNext,ChiNext Index,49a0a4d1fd8f9616a69909cec22531a01219e391bfe1df73a5151c872292fed1
20191122.0,935159.0621206664,ChiNext,ChiNext Index,49a0a4d1fd8f9616a69909cec22531a01219e391bfe1df73a5151c872292fed1
20191125.0,944898.7437987732,ChiNext,ChiNext Index,49a0a4d1fd8f9616a69909cec22531a01219e391bfe1df73a5151c872292fed1
20191126.0,942257.751771586,ChiNext,ChiNext Index,49a0a4d1fd8f9616a69909cec22531a01219e391bfe1df73a5151c872292fed1
20191127.0,941923.2502450024,ChiNext,ChiNext Index,49a0a4d1fd8f9616a69909cec22531a01219e391bfe1df73a5151c872292fed1
20191128.0,936915.0443627546,ChiNext,ChiNext Index,49a0a4d1fd8f9616a69909cec22531a01219e391bfe1df73a5151c872292fed1
20191129.0,939526.2265884638,ChiNext,ChiNext Index,49a0a4d1fd8f9616a69909cec22531a01219e391bfe1df73a5151c872292fed1
20191202.0,942817.386935726,ChiNext,ChiNext Index,49a0a4d1fd8f9616a69909cec22531a01219e391bfe1df73a5151c872292fed1
20191203.0,941913.225137224,ChiNext,ChiNext Index,49a0a4d1fd8f9616a69909cec22531a01219e391bfe1df73a5151c872292fed1
20191204.0,962198.2683042495,ChiNext,ChiNext Index,49a0a4d1fd8f9616a69909cec22531a01219e391bfe1df73a5151c872292fed1
20191205.0,971750.9727165138,ChiNext,ChiNext Index,49a0a4d1fd8f9616a69909cec22531a01219e391bfe1df73a5151c872292fed1
20191206.0,968526.7029958363,ChiNext,ChiNext Index,49a0a4d1fd8f9616a69909cec22531a01219e391bfe1df73a5151c872292fed1
20191209.0,975814.8663920535,ChiNext,ChiNext Index,49a0a4d1fd8f9616a69909cec22531a01219e391bfe1df73a5151c872292fed1
20191210.0,966944.7093197335,ChiNext,ChiNext Index,49a0a4d1fd8f9616a69909cec22531a01219e391bfe1df73a5151c872292fed1
20191211.0,968479.2505881006,ChiNext,ChiNext Index,49a0a4d1fd8f9616a69909cec22531a01219e391bfe1df73a5151c872292fed1
20191212.0,987852.7095172509,ChiNext,ChiNext Index,49a0a4d1fd8f9616a69909cec22531a01219e391bfe1df73a5151c872292fed1
20191213.0,1001876.2667114587,ChiNext,ChiNext Index,49a0a4d1fd8f9616a69909cec22531a01219e391bfe1df73a5151c872292fed1
20191216.0,1013853.6974287801,ChiNext,ChiNext Index,49a0a4d1fd8f9616a69909cec22531a01219e391bfe1df73a5151c872292fed1
20191217.0,1008677.9737769149,ChiNext,ChiNext Index,49a0a4d1fd8f9616a69909cec22531a01219e391bfe1df73a5151c872292fed1
20191218.0,1007563.384669248,ChiNext,ChiNext Index,49a0a4d1fd8f9616a69909cec22531a01219e391bfe1df73a5151c872292fed1
20191219.0,997022.2569822628,ChiNext,ChiNext Index,49a0a4d1fd8f9616a69909cec22531a01219e391bfe1df73a5151c872292fed1
20191220.0,977279.2221084816,ChiNext,ChiNext Index,49a0a4d1fd8f9616a69909cec22531a01219e391bfe1df73a5151c872292fed1
20191223.0,995987.2779185277,ChiNext,ChiNext Index,49a0a4d1fd8f9616a69909cec22531a01219e391bfe1df73a5151c872292fed1
20191224.0,1004161.346036168,ChiNext,ChiNext Index,49a0a4d1fd8f9616a69909cec22531a01219e391bfe1df73a5151c872292fed1
20191225.0,1009360.8934214542,ChiNext,ChiNext Index,49a0a4d1fd8f9616a69909cec22531a01219e391bfe1df73a5151c872292fed1
20191226.0,994699.9264155109,ChiNext,ChiNext Index,49a0a4d1fd8f9616a69909cec22531a01219e391bfe1df73a5151c872292fed1
20191227.0,1007449.9901110674,ChiNext,ChiNext Index,49a0a4d1fd8f9616a69909cec22531a01219e391bfe1df73a5151c872292fed1
20191230.0,1011884.7850643415,ChiNext,ChiNext Index,49a0a4d1fd8f9616a69909cec22531a01219e391bfe1df73a5151c872292fed1
20191231.0,1031369.6379835211,ChiNext,ChiNext Index,49a0a4d1fd8f9616a69909cec22531a01219e391bfe1df73a5151c872292fed1
20200102.0,1033209.6015332189,ChiNext,ChiNext Index,49a0a4d1fd8f9616a69909cec22531a01219e391bfe1df73a5151c872292fed1
20200103.0,1046664.0572092938,ChiNext,ChiNext Index,49a0a4d1fd8f9616a69909cec22531a01219e391bfe1df73a5151c872292fed1
20200106.0,1065399.3438049373,ChiNext,ChiNext Index,49a0a4d1fd8f9616a69909cec22531a01219e391bfe1df73a5151c872292fed1
20200107.0,1048227.2367369287,ChiNext,ChiNext Index,49a0a4d1fd8f9616a69909cec22531a01219e391bfe1df73a5151c872292fed1
20200108.0,1076614.278481731,ChiNext,ChiNext Index,49a0a4d1fd8f9616a69909cec22531a01219e391bfe1df73a5151c872292fed1
20200109.0,1071578.9538417438,ChiNext,ChiNext Index,49a0a4d1fd8f9616a69909cec22531a01219e391bfe1df73a5151c872292fed1
20200110.0,1088954.6072145356,ChiNext,ChiNext Index,49a0a4d1fd8f9616a69909cec22531a01219e391bfe1df73a5151c872292fed1
20200113.0,1081912.3371482105,ChiNext,ChiNext Index,49a0a4d1fd8f9616a69909cec22531a01219e391bfe1df73a5151c872292fed1
20200114.0,1082857.9284715822,ChiNext,ChiNext Index,49a0a4d1fd8f9616a69909cec22531a01219e391bfe1df73a5151c872292fed1
20200115.0,1086078.3483727365,ChiNext,ChiNext Index,49a0a4d1fd8f9616a69909cec22531a01219e391bfe1df73a5151c872292fed1
20200116.0,1087513.0580739984,ChiNext,ChiNext Index,49a0a4d1fd8f9616a69909cec22531a01219e391bfe1df73a5151c872292fed1
20200117.0,1115462.1431385244,ChiNext,ChiNext Index,49a0a4d1fd8f9616a69909cec22531a01219e391bfe1df73a5151c872292fed1
20200120.0,1106936.6657987079,ChiNext,ChiNext Index,49a0a4d1fd8f9616a69909cec22531a01219e391bfe1df73a5151c872292fed1
20200121.0,1122058.527485726,ChiNext,ChiNext Index,49a0a4d1fd8f9616a69909cec22531a01219e391bfe1df73a5151c872292fed1
20200122.0,1084828.6261563005,ChiNext,ChiNext Index,49a0a4d1fd8f9616a69909cec22531a01219e391bfe1df73a5151c872292fed1
20200123.0,1010564.5130074992,ChiNext,ChiNext Index,49a0a4d1fd8f9616a69909cec22531a01219e391bfe1df73a5151c872292fed1
20200203.0,1059476.8456191751,ChiNext,ChiNext Index,49a0a4d1fd8f9616a69909cec22531a01219e391bfe1df73a5151c872292fed1
20200204.0,1091513.3066650026,ChiNext,ChiNext Index,49a0a4d1fd8f9616a69909cec22531a01219e391bfe1df73a5151c872292fed1
20200205.0,1132383.9302917859,ChiNext,ChiNext Index,49a0a4d1fd8f9616a69909cec22531a01219e391bfe1df73a5151c872292fed1
20200206.0,1134382.5884276456,ChiNext,ChiNext Index,49a0a4d1fd8f9616a69909cec22531a01219e391bfe1df73a5151c872292fed1
20200207.0,1149227.1188187015,ChiNext,ChiNext Index,49a0a4d1fd8f9616a69909cec22531a01219e391bfe1df73a5151c872292fed1
20200210.0,1141498.5662928093,ChiNext,ChiNext Index,49a0a4d1fd8f9616a69909cec22531a01219e391bfe1df73a5151c872292fed1
20200211.0,1173482.2149125165,ChiNext,ChiNext Index,49a0a4d1fd8f9616a69909cec22531a01219e391bfe1df73a5151c872292fed1
20200212.0,1161843.6179934284,ChiNext,ChiNext Index,49a0a4d1fd8f9616a69909cec22531a01219e391bfe1df73a5151c872292fed1
20200213.0,1164444.986004791,ChiNext,ChiNext Index,49a0a4d1fd8f9616a69909cec22531a01219e391bfe1df73a5151c872292fed1
20200214.0,1207753.0240811836,ChiNext,ChiNext Index,49a0a4d1fd8f9616a69909cec22531a01219e391bfe1df73a5151c872292fed1
20200217.0,1221692.9097267883,ChiNext,ChiNext Index,49a0a4d1fd8f9616a69909cec22531a01219e391bfe1df73a5151c872292fed1
20200218.0,1203960.0369237487,ChiNext,ChiNext Index,49a0a4d1fd8f9616a69909cec22531a01219e391bfe1df73a5151c872292fed1
20200219.0,1230578.389379683,ChiNext,ChiNext Index,49a0a4d1fd8f9616a69909cec22531a01219e391bfe1df73a5151c872292fed1
20200220.0,1253032.753446264,ChiNext,ChiNext Index,49a0a4d1fd8f9616a69909cec22531a01219e391bfe1df73a5151c872292fed1
20200221.0,1274042.3530144428,ChiNext,ChiNext Index,49a0a4d1fd8f9616a69909cec22531a01219e391bfe1df73a5151c872292fed1
20200224.0,1287176.456519902,ChiNext,ChiNext Index,49a0a4d1fd8f9616a69909cec22531a01219e391bfe1df73a5151c872292fed1
20200225.0,1227181.1614128333,ChiNext,ChiNext Index,49a0a4d1fd8f9616a69909cec22531a01219e391bfe1df73a5151c872292fed1
20200226.0,1236192.3527504054,ChiNext,ChiNext Index,49a0a4d1fd8f9616a69909cec22531a01219e391bfe1df73a5151c872292fed1
20200227.0,1165765.2382687258,ChiNext,ChiNext Index,49a0a4d1fd8f9616a69909cec22531a01219e391bfe1df73a5151c872292fed1
20200228.0,1201696.4546761531,ChiNext,ChiNext Index,49a0a4d1fd8f9616a69909cec22531a01219e391bfe1df73a5151c872292fed1
20200302.0,1223042.1882899473,ChiNext,ChiNext Index,49a0a4d1fd8f9616a69909cec22531a01219e391bfe1df73a5151c872292fed1
20200303.0,1220845.6050351067,ChiNext,ChiNext Index,49a0a4d1fd8f9616a69909cec22531a01219e391bfe1df73a5151c872292fed1
20200304.0,1243437.3526640688,ChiNext,ChiNext Index,49a0a4d1fd8f9616a69909cec22531a01219e391bfe1df73a5151c872292fed1
20200305.0,1234066.8082207926,ChiNext,ChiNext Index,49a0a4d1fd8f9616a69909cec22531a01219e391bfe1df73a5151c872292fed1
20200306.0,1177863.7036066218,ChiNext,ChiNext Index,49a0a4d1fd8f9616a69909cec22531a01219e391bfe1df73a5151c872292fed1
20200309.0,1209234.9260124087,ChiNext,ChiNext Index,49a0a4d1fd8f9616a69909cec22531a01219e391bfe1df73a5151c872292fed1
20200310.0,1182590.6438576682,ChiNext,ChiNext Index,49a0a4d1fd8f9616a69909cec22531a01219e391bfe1df73a5151c872292fed1
20200311.0,1151337.1377914706,ChiNext,ChiNext Index,49a0a4d1fd8f9616a69909cec22531a01219e391bfe1df73a5151c872292fed1
20200312.0,1142700.9577289282,ChiNext,ChiNext Index,49a0a4d1fd8f9616a69909cec22531a01219e391bfe1df73a5151c872292fed1
20200313.0,1075277.0310375514,ChiNext,ChiNext Index,49a0a4d1fd8f9616a69909cec22531a01219e391bfe1df73a5151c872292fed1
20200316.0,1079179.2107188506,ChiNext,ChiNext Index,49a0a4d1fd8f9616a69909cec22531a01219e391bfe1df73a5151c872292fed1
20200317.0,1061925.2936252132,ChiNext,ChiNext Index,49a0a4d1fd8f9616a69909cec22531a01219e391bfe1df73a5151c872292fed1
20200318.0,1066371.5753925038,ChiNext,ChiNext Index,49a0a4d1fd8f9616a69909cec22531a01219e391bfe1df73a5151c872292fed1
20200319.0,1077684.7115914845,ChiNext,ChiNext Index,49a0a4d1fd8f9616a69909cec22531a01219e391bfe1df73a5151c872292fed1
20200320.0,1028166.1766457321,ChiNext,ChiNext Index,49a0a4d1fd8f9616a69909cec22531a01219e391bfe1df73a5151c872292fed1
20200323.0,1056223.803047457,ChiNext,ChiNext Index,49a0a4d1fd8f9616a69909cec22531a01219e391bfe1df73a5151c872292fed1
20200324.0,1090520.4459193274,ChiNext,ChiNext Index,49a0a4d1fd8f9616a69909cec22531a01219e391bfe1df73a5151c872292fed1
20200325.0,1084566.204857751,ChiNext,ChiNext Index,49a0a4d1fd8f9616a69909cec22531a01219e391bfe1df73a5151c872292fed1
20200326.0,1071401.740021439,ChiNext,ChiNext Index,49a0a4d1fd8f9616a69909cec22531a01219e391bfe1df73a5151c872292fed1
20200327.0,1046981.2801211933,ChiNext,ChiNext Index,49a0a4d1fd8f9616a69909cec22531a01219e391bfe1df73a5151c872292fed1
20200330.0,1053414.9806216743,ChiNext,ChiNext Index,49a0a4d1fd8f9616a69909cec22531a01219e391bfe1df73a5151c872292fed1
20200331.0,1049409.8966233053,ChiNext,ChiNext Index,49a0a4d1fd8f9616a69909cec22531a01219e391bfe1df73a5151c872292fed1
20200401.0,1078757.6940277568,ChiNext,ChiNext Index,49a0a4d1fd8f9616a69909cec22531a01219e391bfe1df73a5151c872292fed1
20200402.0,1072974.473585648,ChiNext,ChiNext Index,49a0a4d1fd8f9616a69909cec22531a01219e391bfe1df73a5151c872292fed1
20200403.0,1108487.7825387109,ChiNext,ChiNext Index,49a0a4d1fd8f9616a69909cec22531a01219e391bfe1df73a5151c872292fed1
20200407.0,1105660.0301759504,ChiNext,ChiNext Index,49a0a4d1fd8f9616a69909cec22531a01219e391bfe1df73a5151c872292fed1
20200408.0,1123881.3078225553,ChiNext,ChiNext Index,49a0a4d1fd8f9616a69909cec22531a01219e391bfe1df73a5151c872292fed1
20200409.0,1097291.3997543575,ChiNext,ChiNext Index,49a0a4d1fd8f9616a69909cec22531a01219e391bfe1df73a5151c872292fed1
20200410.0,1082208.032303989,ChiNext,ChiNext Index,49a0a4d1fd8f9616a69909cec22531a01219e391bfe1df73a5151c872292fed1
20200413.0,1117292.1340316492,ChiNext,ChiNext Index,49a0a4d1fd8f9616a69909cec22531a01219e391bfe1df73a5151c872292fed1
20200414.0,1112839.725369763,ChiNext,ChiNext Index,49a0a4d1fd8f9616a69909cec22531a01219e391bfe1df73a5151c872292fed1
20200415.0,1130213.3786692258,ChiNext,ChiNext Index,49a0a4d1fd8f9616a69909cec22531a01219e391bfe1df73a5151c872292fed1
20200416.0,1137181.1442721752,ChiNext,ChiNext Index,49a0a4d1fd8f9616a69909cec22531a01219e391bfe1df73a5151c872292fed1
20200417.0,1149936.905356229,ChiNext,ChiNext Index,49a0a4d1fd8f9616a69909cec22531a01219e391bfe1df73a5151c872292fed1
20200420.0,1138966.5071065368,ChiNext,ChiNext Index,49a0a4d1fd8f9616a69909cec22531a01219e391bfe1df73a5151c872292fed1
20200421.0,1149786.6890621043,ChiNext,ChiNext Index,49a0a4d1fd8f9616a69909cec22531a01219e391bfe1df73a5151c872292fed1
20200422.0,1142107.2635229083,ChiNext,ChiNext Index,49a0a4d1fd8f9616a69909cec22531a01219e391bfe1df73a5151c872292fed1
20200423.0,1127601.3591045542,ChiNext,ChiNext Index,49a0a4d1fd8f9616a69909cec22531a01219e391bfe1df73a5151c872292fed1
20200424.0,1135996.351699988,ChiNext,ChiNext Index,49a0a4d1fd8f9616a69909cec22531a01219e391bfe1df73a5151c872292fed1
20200427.0,1142781.658362077,ChiNext,ChiNext Index,49a0a4d1fd8f9616a69909cec22531a01219e391bfe1df73a5151c872292fed1
20200428.0,1142642.2381094878,ChiNext,ChiNext Index,49a0a4d1fd8f9616a69909cec22531a01219e391bfe1df73a5151c872292fed1
20200429.0,1164563.829550477,ChiNext,ChiNext Index,49a0a4d1fd8f9616a69909cec22531a01219e391bfe1df73a5151c872292fed1
20200430.0,1187543.0035558592,ChiNext,ChiNext Index,49a0a4d1fd8f9616a69909cec22531a01219e391bfe1df73a5151c872292fed1
20200506.0,1185615.6206704744,ChiNext,ChiNext Index,49a0a4d1fd8f9616a69909cec22531a01219e391bfe1df73a5151c872292fed1
20200507.0,1195970.7880512178,ChiNext,ChiNext Index,49a0a4d1fd8f9616a69909cec22531a01219e391bfe1df73a5151c872292fed1
20200508.0,1183355.6882350694,ChiNext,ChiNext Index,49a0a4d1fd8f9616a69909cec22531a01219e391bfe1df73a5151c872292fed1
20200511.0,1195356.0985182957,ChiNext,ChiNext Index,49a0a4d1fd8f9616a69909cec22531a01219e391bfe1df73a5151c872292fed1
20200512.0,1204658.3594091039,ChiNext,ChiNext Index,49a0a4d1fd8f9616a69909cec22531a01219e391bfe1df73a5151c872292fed1
20200513.0,1191696.2354894928,ChiNext,ChiNext Index,49a0a4d1fd8f9616a69909cec22531a01219e391bfe1df73a5151c872292fed1
20200514.0,1195446.5036141176,ChiNext,ChiNext Index,49a0a4d1fd8f9616a69909cec22531a01219e391bfe1df73a5151c872292fed1
20200515.0,1190126.7667654182,ChiNext,ChiNext Index,49a0a4d1fd8f9616a69909cec22531a01219e391bfe1df73a5151c872292fed1
20200518.0,1206594.5501384398,ChiNext,ChiNext Index,49a0a4d1fd8f9616a69909cec22531a01219e391bfe1df73a5151c872292fed1
20200519.0,1191962.1779463321,ChiNext,ChiNext Index,49a0a4d1fd8f9616a69909cec22531a01219e391bfe1df73a5151c872292fed1
20200520.0,1181446.6880127634,ChiNext,ChiNext Index,49a0a4d1fd8f9616a69909cec22531a01219e391bfe1df73a5151c872292fed1
20200521.0,1151713.2188731646,ChiNext,ChiNext Index,49a0a4d1fd8f9616a69909cec22531a01219e391bfe1df73a5151c872292fed1
20200522.0,1154924.1955780282,ChiNext,ChiNext Index,49a0a4d1fd8f9616a69909cec22531a01219e391bfe1df73a5151c872292fed1
20200525.0,1189066.064838763,ChiNext,ChiNext Index,49a0a4d1fd8f9616a69909cec22531a01219e391bfe1df73a5151c872292fed1
20200526.0,1165712.8068560795,ChiNext,ChiNext Index,49a0a4d1fd8f9616a69909cec22531a01219e391bfe1df73a5151c872292fed1
20200527.0,1156422.076323685,ChiNext,ChiNext Index,49a0a4d1fd8f9616a69909cec22531a01219e391bfe1df73a5151c872292fed1
20200528.0,1174262.1999663378,ChiNext,ChiNext Index,49a0a4d1fd8f9616a69909cec22531a01219e391bfe1df73a5151c872292fed1
20200529.0,1214531.172638183,ChiNext,ChiNext Index,49a0a4d1fd8f9616a69909cec22531a01219e391bfe1df73a5151c872292fed1
20200601.0,1207251.2728799186,ChiNext,ChiNext Index,49a0a4d1fd8f9616a69909cec22531a01219e391bfe1df73a5151c872292fed1
20200602.0,1206030.7422334866,ChiNext,ChiNext Index,49a0a4d1fd8f9616a69909cec22531a01219e391bfe1df73a5151c872292fed1
20200603.0,1210683.6085169008,ChiNext,ChiNext Index,49a0a4d1fd8f9616a69909cec22531a01219e391bfe1df73a5151c872292fed1
20200604.0,1219119.6525926662,ChiNext,ChiNext Index,49a0a4d1fd8f9616a69909cec22531a01219e391bfe1df73a5151c872292fed1
20200605.0,1211909.7781627523,ChiNext,ChiNext Index,49a0a4d1fd8f9616a69909cec22531a01219e391bfe1df73a5151c872292fed1
20200608.0,1227680.3603186433,ChiNext,ChiNext Index,49a0a4d1fd8f9616a69909cec22531a01219e391bfe1df73a5151c872292fed1
20200609.0,1239160.3992226329,ChiNext,ChiNext Index,49a0a4d1fd8f9616a69909cec22531a01219e391bfe1df73a5151c872292fed1
20200610.0,1235586.6610733492,ChiNext,ChiNext Index,49a0a4d1fd8f9616a69909cec22531a01219e391bfe1df73a5151c872292fed1
20200611.0,1241847.3784875588,ChiNext,ChiNext Index,49a0a4d1fd8f9616a69909cec22531a01219e391bfe1df73a5151c872292fed1
20200612.0,1249042.6427826125,ChiNext,ChiNext Index,49a0a4d1fd8f9616a69909cec22531a01219e391bfe1df73a5151c872292fed1
20200615.0,1272063.7470734306,ChiNext,ChiNext Index,49a0a4d1fd8f9616a69909cec22531a01219e391bfe1df73a5151c872292fed1
20200616.0,1274035.4462792813,ChiNext,ChiNext Index,49a0a4d1fd8f9616a69909cec22531a01219e391bfe1df73a5151c872292fed1
20200617.0,1275201.1881777532,ChiNext,ChiNext Index,49a0a4d1fd8f9616a69909cec22531a01219e391bfe1df73a5151c872292fed1
20200618.0,1305261.506509939,ChiNext,ChiNext Index,49a0a4d1fd8f9616a69909cec22531a01219e391bfe1df73a5151c872292fed1
20200619.0,1318447.2576288972,ChiNext,ChiNext Index,49a0a4d1fd8f9616a69909cec22531a01219e391bfe1df73a5151c872292fed1
20200622.0,1340487.7411081963,ChiNext,ChiNext Index,49a0a4d1fd8f9616a69909cec22531a01219e391bfe1df73a5151c872292fed1
20200623.0,1340727.6875599888,ChiNext,ChiNext Index,49a0a4d1fd8f9616a69909cec22531a01219e391bfe1df73a5151c872292fed1
20200624.0,1335135.51321177,ChiNext,ChiNext Index,49a0a4d1fd8f9616a69909cec22531a01219e391bfe1df73a5151c872292fed1
20200629.0,1372085.388440842,ChiNext,ChiNext Index,49a0a4d1fd8f9616a69909cec22531a01219e391bfe1df73a5151c872292fed1
20200630.0,1361636.957868397,ChiNext,ChiNext Index,49a0a4d1fd8f9616a69909cec22531a01219e391bfe1df73a5151c872292fed1
20200701.0,1364318.0210331946,ChiNext,ChiNext Index,49a0a4d1fd8f9616a69909cec22531a01219e391bfe1df73a5151c872292fed1
20200702.0,1385797.843679874,ChiNext,ChiNext Index,49a0a4d1fd8f9616a69909cec22531a01219e391bfe1df73a5151c872292fed1
20200703.0,1423459.6717802277,ChiNext,ChiNext Index,49a0a4d1fd8f9616a69909cec22531a01219e391bfe1df73a5151c872292fed1
20200706.0,1458223.4045133006,ChiNext,ChiNext Index,49a0a4d1fd8f9616a69909cec22531a01219e391bfe1df73a5151c872292fed1
20200707.0,1492385.2042425005,ChiNext,ChiNext Index,49a0a4d1fd8f9616a69909cec22531a01219e391bfe1df73a5151c872292fed1
20200708.0,1551858.2466544502,ChiNext,ChiNext Index,49a0a4d1fd8f9616a69909cec22531a01219e391bfe1df73a5151c872292fed1
20200709.0,1563565.4655847293,ChiNext,ChiNext Index,49a0a4d1fd8f9616a69909cec22531a01219e391bfe1df73a5151c872292fed1
20200710.0,1626012.706104637,ChiNext,ChiNext Index,49a0a4d1fd8f9616a69909cec22531a01219e391bfe1df73a5151c872292fed1
20200713.0,1608705.427331689,ChiNext,ChiNext Index,49a0a4d1fd8f9616a69909cec22531a01219e391bfe1df73a5151c872292fed1
20200714.0,1583038.53182734,ChiNext,ChiNext Index,49a0a4d1fd8f9616a69909cec22531a01219e391bfe1df73a5151c872292fed1
20200715.0,1489172.2621018963,ChiNext,ChiNext Index,49a0a4d1fd8f9616a69909cec22531a01219e391bfe1df73a5151c872292fed1
20200716.0,1498256.2131580256,ChiNext,ChiNext Index,49a0a4d1fd8f9616a69909cec22531a01219e391bfe1df73a5151c872292fed1
20200717.0,1517895.3557517466,ChiNext,ChiNext Index,49a0a4d1fd8f9616a69909cec22531a01219e391bfe1df73a5151c872292fed1
20200720.0,1539960.9999753854,ChiNext,ChiNext Index,49a0a4d1fd8f9616a69909cec22531a01219e391bfe1df73a5151c872292fed1
20200721.0,1558258.8167962837,ChiNext,ChiNext Index,49a0a4d1fd8f9616a69909cec22531a01219e391bfe1df73a5151c872292fed1
20200722.0,1575504.0675652598,ChiNext,ChiNext Index,49a0a4d1fd8f9616a69909cec22531a01219e391bfe1df73a5151c872292fed1
20200723.0,1478807.5050573451,ChiNext,ChiNext Index,49a0a4d1fd8f9616a69909cec22531a01219e391bfe1df73a5151c872292fed1
20200724.0,1481012.4072713158,ChiNext,ChiNext Index,49a0a4d1fd8f9616a69909cec22531a01219e391bfe1df73a5151c872292fed1
20200727.0,1500573.619249328,ChiNext,ChiNext Index,49a0a4d1fd8f9616a69909cec22531a01219e391bfe1df73a5151c872292fed1
20200728.0,1557343.3195995095,ChiNext,ChiNext Index,49a0a4d1fd8f9616a69909cec22531a01219e391bfe1df73a5151c872292fed1
20200729.0,1543967.2982686455,ChiNext,ChiNext Index,49a0a4d1fd8f9616a69909cec22531a01219e391bfe1df73a5151c872292fed1
20200730.0,1573098.8730005412,ChiNext,ChiNext Index,49a0a4d1fd8f9616a69909cec22531a01219e391bfe1df73a5151c872292fed1
20200731.0,1614450.9234812597,ChiNext,ChiNext Index,49a0a4d1fd8f9616a69909cec22531a01219e391bfe1df73a5151c872292fed1
20200803.0,1594171.8049253128,ChiNext,ChiNext Index,49a0a4d1fd8f9616a69909cec22531a01219e391bfe1df73a5151c872292fed1
20200804.0,1609589.0411230042,ChiNext,ChiNext Index,49a0a4d1fd8f9616a69909cec22531a01219e391bfe1df73a5151c872292fed1
20200805.0,1583777.6712470702,ChiNext,ChiNext Index,49a0a4d1fd8f9616a69909cec22531a01219e391bfe1df73a5151c872292fed1
20200806.0,1547525.0002040649,ChiNext,ChiNext Index,49a0a4d1fd8f9616a69909cec22531a01219e391bfe1df73a5151c872292fed1
20200807.0,1539255.0265415371,ChiNext,ChiNext Index,49a0a4d1fd8f9616a69909cec22531a01219e391bfe1df73a5151c872292fed1
20200810.0,1513055.3663287596,ChiNext,ChiNext Index,49a0a4d1fd8f9616a69909cec22531a01219e391bfe1df73a5151c872292fed1
20200811.0,1483118.0530011156,ChiNext,ChiNext Index,49a0a4d1fd8f9616a69909cec22531a01219e391bfe1df73a5151c872292fed1
20200812.0,1475880.4368316908,ChiNext,ChiNext Index,49a0a4d1fd8f9616a69909cec22531a01219e391bfe1df73a5151c872292fed1
20200813.0,1501807.2290492053,ChiNext,ChiNext Index,49a0a4d1fd8f9616a69909cec22531a01219e391bfe1df73a5151c872292fed1
20200814.0,1517383.9733215673,ChiNext,ChiNext Index,49a0a4d1fd8f9616a69909cec22531a01219e391bfe1df73a5151c872292fed1
20200817.0,1520012.0825409538,ChiNext,ChiNext Index,49a0a4d1fd8f9616a69909cec22531a01219e391bfe1df73a5151c872292fed1
20200818.0,1470363.9278008877,ChiNext,ChiNext Index,49a0a4d1fd8f9616a69909cec22531a01219e391bfe1df73a5151c872292fed1
20200819.0,1456310.189391288,ChiNext,ChiNext Index,49a0a4d1fd8f9616a69909cec22531a01219e391bfe1df73a5151c872292fed1
20200820.0,1481403.8704112724,ChiNext,ChiNext Index,49a0a4d1fd8f9616a69909cec22531a01219e391bfe1df73a5151c872292fed1
20200821.0,1510766.7757422144,ChiNext,ChiNext Index,49a0a4d1fd8f9616a69909cec22531a01219e391bfe1df73a5151c872292fed1
20200824.0,1520319.354568479,ChiNext,ChiNext Index,49a0a4d1fd8f9616a69909cec22531a01219e391bfe1df73a5151c872292fed1
20200825.0,1487983.68215681,ChiNext,ChiNext Index,49a0a4d1fd8f9616a69909cec22531a01219e391bfe1df73a5151c872292fed1
20200826.0,1513322.5567284331,ChiNext,ChiNext Index,49a0a4d1fd8f9616a69909cec22531a01219e391bfe1df73a5151c872292fed1
20200827.0,1551965.2481034256,ChiNext,ChiNext Index,49a0a4d1fd8f9616a69909cec22531a01219e391bfe1df73a5151c872292fed1
20200828.0,1535349.907613436,ChiNext,ChiNext Index,49a0a4d1fd8f9616a69909cec22531a01219e391bfe1df73a5151c872292fed1
20200831.0,1547792.3835845888,ChiNext,ChiNext Index,49a0a4d1fd8f9616a69909cec22531a01219e391bfe1df73a5151c872292fed1
20200901.0,1559849.6866018693,ChiNext,ChiNext Index,49a0a4d1fd8f9616a69909cec22531a01219e391bfe1df73a5151c872292fed1
20200902.0,1545839.1165240859,ChiNext,ChiNext Index,49a0a4d1fd8f9616a69909cec22531a01219e391bfe1df73a5151c872292fed1
20200903.0,1537511.6810814058,ChiNext,ChiNext Index,49a0a4d1fd8f9616a69909cec22531a01219e391bfe1df73a5151c872292fed1
20200904.0,1486327.9173445639,ChiNext,ChiNext Index,49a0a4d1fd8f9616a69909cec22531a01219e391bfe1df73a5151c872292fed1
20200907.0,1491632.6214798226,ChiNext,ChiNext Index,49a0a4d1fd8f9616a69909cec22531a01219e391bfe1df73a5151c872292fed1
20200908.0,1420032.7643481975,ChiNext,ChiNext Index,49a0a4d1fd8f9616a69909cec22531a01219e391bfe1df73a5151c872292fed1
20200909.0,1397317.9196776727,ChiNext,ChiNext Index,49a0a4d1fd8f9616a69909cec22531a01219e391bfe1df73a5151c872292fed1
20200910.0,1427473.437937584,ChiNext,ChiNext Index,49a0a4d1fd8f9616a69909cec22531a01219e391bfe1df73a5151c872292fed1
20200911.0,1447722.1486493447,ChiNext,ChiNext Index,49a0a4d1fd8f9616a69909cec22531a01219e391bfe1df73a5151c872292fed1
20200914.0,1460414.3289758137,ChiNext,ChiNext Index,49a0a4d1fd8f9616a69909cec22531a01219e391bfe1df73a5151c872292fed1
20200915.0,1437704.8857898156,ChiNext,ChiNext Index,49a0a4d1fd8f9616a69909cec22531a01219e391bfe1df73a5151c872292fed1
20200916.0,1439123.900704872,ChiNext,ChiNext Index,49a0a4d1fd8f9616a69909cec22531a01219e391bfe1df73a5151c872292fed1
20200917.0,1460936.7014180247,ChiNext,ChiNext Index,49a0a4d1fd8f9616a69909cec22531a01219e391bfe1df73a5151c872292fed1
20200918.0,1445818.928945749,ChiNext,ChiNext Index,49a0a4d1fd8f9616a69909cec22531a01219e391bfe1df73a5151c872292fed1
20200921.0,1438122.8348092865,ChiNext,ChiNext Index,49a0a4d1fd8f9616a69909cec22531a01219e391bfe1df73a5151c872292fed1
20200922.0,1463075.7041352664,ChiNext,ChiNext Index,49a0a4d1fd8f9616a69909cec22531a01219e391bfe1df73a5151c872292fed1
20200923.0,1427050.3902650753,ChiNext,ChiNext Index,49a0a4d1fd8f9616a69909cec22531a01219e391bfe1df73a5151c872292fed1
20200924.0,1429614.79996943,ChiNext,ChiNext Index,49a0a4d1fd8f9616a69909cec22531a01219e391bfe1df73a5151c872292fed1
20200925.0,1418821.2087957878,ChiNext,ChiNext Index,49a0a4d1fd8f9616a69909cec22531a01219e391bfe1df73a5151c872292fed1
20200928.0,1442531.130028011,ChiNext,ChiNext Index,49a0a4d1fd8f9616a69909cec22531a01219e391bfe1df73a5151c872292fed1
20200929.0,1448934.5256074267,ChiNext,ChiNext Index,49a0a4d1fd8f9616a69909cec22531a01219e391bfe1df73a5151c872292fed1
20200930.0,1504182.3987625032,ChiNext,ChiNext Index,49a0a4d1fd8f9616a69909cec22531a01219e391bfe1df73a5151c872292fed1
20201009.0,1562962.8388394392,ChiNext,ChiNext Index,49a0a4d1fd8f9616a69909cec22531a01219e391bfe1df73a5151c872292fed1
20201012.0,1567087.4977314358,ChiNext,ChiNext Index,49a0a4d1fd8f9616a69909cec22531a01219e391bfe1df73a5151c872292fed1
20201013.0,1555566.2697864056,ChiNext,ChiNext Index,49a0a4d1fd8f9616a69909cec22531a01219e391bfe1df73a5151c872292fed1
20201014.0,1540777.5019543716,ChiNext,ChiNext Index,49a0a4d1fd8f9616a69909cec22531a01219e391bfe1df73a5151c872292fed1
20201015.0,1533199.95842856,ChiNext,ChiNext Index,49a0a4d1fd8f9616a69909cec22531a01219e391bfe1df73a5151c872292fed1
20201016.0,1513601.0627334707,ChiNext,ChiNext Index,49a0a4d1fd8f9616a69909cec22531a01219e391bfe1df73a5151c872292fed1
20201019.0,1542252.0171724216,ChiNext,ChiNext Index,49a0a4d1fd8f9616a69909cec22531a01219e391bfe1df73a5151c872292fed1
20201020.0,1519713.546113267,ChiNext,ChiNext Index,49a0a4d1fd8f9616a69909cec22531a01219e391bfe1df73a5151c872292fed1
20201021.0,1504548.3250928728,ChiNext,ChiNext Index,49a0a4d1fd8f9616a69909cec22531a01219e391bfe1df73a5151c872292fed1
20201022.0,1463612.5738927634,ChiNext,ChiNext Index,49a0a4d1fd8f9616a69909cec22531a01219e391bfe1df73a5151c872292fed1
20201023.0,1473123.12841728,ChiNext,ChiNext Index,49a0a4d1fd8f9616a69909cec22531a01219e391bfe1df73a5151c872292fed1
20201026.0,1491705.1040976709,ChiNext,ChiNext Index,49a0a4d1fd8f9616a69909cec22531a01219e391bfe1df73a5151c872292fed1
20201027.0,1502800.4064814046,ChiNext,ChiNext Index,49a0a4d1fd8f9616a69909cec22531a01219e391bfe1df73a5151c872292fed1
20201028.0,1519368.7803805794,ChiNext,ChiNext Index,49a0a4d1fd8f9616a69909cec22531a01219e391bfe1df73a5151c872292fed1
20201029.0,1494575.7209711138,ChiNext,ChiNext Index,49a0a4d1fd8f9616a69909cec22531a01219e391bfe1df73a5151c872292fed1
20201030.0,1524132.4503305492,ChiNext,ChiNext Index,49a0a4d1fd8f9616a69909cec22531a01219e391bfe1df73a5151c872292fed1
20201102.0,1544350.0673738704,ChiNext,ChiNext Index,49a0a4d1fd8f9616a69909cec22531a01219e391bfe1df73a5151c872292fed1
20201103.0,1547861.920028118,ChiNext,ChiNext Index,49a0a4d1fd8f9616a69909cec22531a01219e391bfe1df73a5151c872292fed1
20201104.0,1568866.406098578,ChiNext,ChiNext Index,49a0a4d1fd8f9616a69909cec22531a01219e391bfe1df73a5151c872292fed1
20201105.0,1538024.0610741363,ChiNext,ChiNext Index,49a0a4d1fd8f9616a69909cec22531a01219e391bfe1df73a5151c872292fed1
20201106.0,1583564.953898478,ChiNext,ChiNext Index,49a0a4d1fd8f9616a69909cec22531a01219e391bfe1df73a5151c872292fed1
20201109.0,1560615.9304294812,ChiNext,ChiNext Index,49a0a4d1fd8f9616a69909cec22531a01219e391bfe1df73a5151c872292fed1
20201110.0,1509015.7249030937,ChiNext,ChiNext Index,49a0a4d1fd8f9616a69909cec22531a01219e391bfe1df73a5151c872292fed1
20201111.0,1519699.556486065,ChiNext,ChiNext Index,49a0a4d1fd8f9616a69909cec22531a01219e391bfe1df73a5151c872292fed1
20201112.0,1523246.5356137075,ChiNext,ChiNext Index,49a0a4d1fd8f9616a69909cec22531a01219e391bfe1df73a5151c872292fed1
20201113.0,1526395.0854875082,ChiNext,ChiNext Index,49a0a4d1fd8f9616a69909cec22531a01219e391bfe1df73a5151c872292fed1
20201116.0,1495829.0247142082,ChiNext,ChiNext Index,49a0a4d1fd8f9616a69909cec22531a01219e391bfe1df73a5151c872292fed1
20201117.0,1474770.7434997577,ChiNext,ChiNext Index,49a0a4d1fd8f9616a69909cec22531a01219e391bfe1df73a5151c872292fed1
20201118.0,1488552.475895227,ChiNext,ChiNext Index,49a0a4d1fd8f9616a69909cec22531a01219e391bfe1df73a5151c872292fed1
20201119.0,1500894.0644466102,ChiNext,ChiNext Index,49a0a4d1fd8f9616a69909cec22531a01219e391bfe1df73a5151c872292fed1
20201120.0,1511735.022027804,ChiNext,ChiNext Index,49a0a4d1fd8f9616a69909cec22531a01219e391bfe1df73a5151c872292fed1
20201123.0,1505230.0264839397,ChiNext,ChiNext Index,49a0a4d1fd8f9616a69909cec22531a01219e391bfe1df73a5151c872292fed1
20201124.0,1471877.1391432467,ChiNext,ChiNext Index,49a0a4d1fd8f9616a69909cec22531a01219e391bfe1df73a5151c872292fed1
20201125.0,1468419.7001613572,ChiNext,ChiNext Index,49a0a4d1fd8f9616a69909cec22531a01219e391bfe1df73a5151c872292fed1
20201126.0,1473824.953257663,ChiNext,ChiNext Index,49a0a4d1fd8f9616a69909cec22531a01219e391bfe1df73a5151c872292fed1
20201127.0,1481083.5410025008,ChiNext,ChiNext Index,49a0a4d1fd8f9616a69909cec22531a01219e391bfe1df73a5151c872292fed1
20201130.0,1518537.1813612026,ChiNext,ChiNext Index,49a0a4d1fd8f9616a69909cec22531a01219e391bfe1df73a5151c872292fed1
20201201.0,1509831.4074556984,ChiNext,ChiNext Index,49a0a4d1fd8f9616a69909cec22531a01219e391bfe1df73a5151c872292fed1
20201202.0,1526457.6716514789,ChiNext,ChiNext Index,49a0a4d1fd8f9616a69909cec22531a01219e391bfe1df73a5151c872292fed1
20201203.0,1536767.366805943,ChiNext,ChiNext Index,49a0a4d1fd8f9616a69909cec22531a01219e391bfe1df73a5151c872292fed1
20201204.0,1534317.7589355102,ChiNext,ChiNext Index,49a0a4d1fd8f9616a69909cec22531a01219e391bfe1df73a5151c872292fed1
20201207.0,1545459.9744692072,ChiNext,ChiNext Index,49a0a4d1fd8f9616a69909cec22531a01219e391bfe1df73a5151c872292fed1
20201208.0,1518191.8792407145,ChiNext,ChiNext Index,49a0a4d1fd8f9616a69909cec22531a01219e391bfe1df73a5151c872292fed1
20201209.0,1529851.5922234424,ChiNext,ChiNext Index,49a0a4d1fd8f9616a69909cec22531a01219e391bfe1df73a5151c872292fed1
20201210.0,1512539.7917607175,ChiNext,ChiNext Index,49a0a4d1fd8f9616a69909cec22531a01219e391bfe1df73a5151c872292fed1
20201211.0,1534385.404166703,ChiNext,ChiNext Index,49a0a4d1fd8f9616a69909cec22531a01219e391bfe1df73a5151c872292fed1
20201214.0,1552535.6490259524,ChiNext,ChiNext Index,49a0a4d1fd8f9616a69909cec22531a01219e391bfe1df73a5151c872292fed1
20201215.0,1553540.1400842255,ChiNext,ChiNext Index,49a0a4d1fd8f9616a69909cec22531a01219e391bfe1df73a5151c872292fed1
20201216.0,1567595.0175756665,ChiNext,ChiNext Index,49a0a4d1fd8f9616a69909cec22531a01219e391bfe1df73a5151c872292fed1
20201217.0,1564845.4561053514,ChiNext,ChiNext Index,49a0a4d1fd8f9616a69909cec22531a01219e391bfe1df73a5151c872292fed1
20201218.0,1622084.3730646744,ChiNext,ChiNext Index,49a0a4d1fd8f9616a69909cec22531a01219e391bfe1df73a5151c872292fed1
20201221.0,1582301.1312145563,ChiNext,ChiNext Index,49a0a4d1fd8f9616a69909cec22531a01219e391bfe1df73a5151c872292fed1
20201222.0,1599871.0034843516,ChiNext,ChiNext Index,49a0a4d1fd8f9616a69909cec22531a01219e391bfe1df73a5151c872292fed1
20201223.0,1587368.0116873793,ChiNext,ChiNext Index,49a0a4d1fd8f9616a69909cec22531a01219e391bfe1df73a5151c872292fed1
20201224.0,1598649.435689553,ChiNext,ChiNext Index,49a0a4d1fd8f9616a69909cec22531a01219e391bfe1df73a5151c872292fed1
20201225.0,1599779.680987255,ChiNext,ChiNext Index,49a0a4d1fd8f9616a69909cec22531a01219e391bfe1df73a5151c872292fed1
20201228.0,1583002.7917738047,ChiNext,ChiNext Index,49a0a4d1fd8f9616a69909cec22531a01219e391bfe1df73a5151c872292fed1
20201229.0,1632265.8378869488,ChiNext,ChiNext Index,49a0a4d1fd8f9616a69909cec22531a01219e391bfe1df73a5151c872292fed1
20201230.0,1669249.7173315464,ChiNext,ChiNext Index,49a0a4d1fd8f9616a69909cec22531a01219e391bfe1df73a5151c872292fed1
20201231.0,1732195.4550986842,ChiNext,ChiNext Index,49a0a4d1fd8f9616a69909cec22531a01219e391bfe1df73a5151c872292fed1
20210104.0,1743375.0445904525,ChiNext,ChiNext Index,49a0a4d1fd8f9616a69909cec22531a01219e391bfe1df73a5151c872292fed1
20210105.0,1753005.4481403688,ChiNext,ChiNext Index,49a0a4d1fd8f9616a69909cec22531a01219e391bfe1df73a5151c872292fed1
20210106.0,1779626.5894170061,ChiNext,ChiNext Index,49a0a4d1fd8f9616a69909cec22531a01219e391bfe1df73a5151c872292fed1
20210107.0,1773088.2408442816,ChiNext,ChiNext Index,49a0a4d1fd8f9616a69909cec22531a01219e391bfe1df73a5151c872292fed1
20210108.0,1740495.3328758953,ChiNext,ChiNext Index,49a0a4d1fd8f9616a69909cec22531a01219e391bfe1df73a5151c872292fed1
20210111.0,1789728.7242649943,ChiNext,ChiNext Index,49a0a4d1fd8f9616a69909cec22531a01219e391bfe1df73a5151c872292fed1
20210112.0,1761561.9736249368,ChiNext,ChiNext Index,49a0a4d1fd8f9616a69909cec22531a01219e391bfe1df73a5151c872292fed1
20210113.0,1738422.0960532553,ChiNext,ChiNext Index,49a0a4d1fd8f9616a69909cec22531a01219e391bfe1df73a5151c872292fed1
20210114.0,1738854.962987302,ChiNext,ChiNext Index,49a0a4d1fd8f9616a69909cec22531a01219e391bfe1df73a5151c872292fed1
20210115.0,1772200.9841682944,ChiNext,ChiNext Index,49a0a4d1fd8f9616a69909cec22531a01219e391bfe1df73a5151c872292fed1
20210118.0,1735784.02605304,ChiNext,ChiNext Index,49a0a4d1fd8f9616a69909cec22531a01219e391bfe1df73a5151c872292fed1
20210119.0,1803562.9207314074,ChiNext,ChiNext Index,49a0a4d1fd8f9616a69909cec22531a01219e391bfe1df73a5151c872292fed1
20210120.0,1847901.712085729,ChiNext,ChiNext Index,49a0a4d1fd8f9616a69909cec22531a01219e391bfe1df73a5151c872292fed1
20210121.0,1889836.1451256846,ChiNext,ChiNext Index,49a0a4d1fd8f9616a69909cec22531a01219e391bfe1df73a5151c872292fed1
20210122.0,1888148.5216491143,ChiNext,ChiNext Index,49a0a4d1fd8f9616a69909cec22531a01219e391bfe1df73a5151c872292fed1
20210125.0,1833626.3455604652,ChiNext,ChiNext Index,49a0a4d1fd8f9616a69909cec22531a01219e391bfe1df73a5151c872292fed1
20210126.0,1846386.5511419561,ChiNext,ChiNext Index,49a0a4d1fd8f9616a69909cec22531a01219e391bfe1df73a5151c872292fed1
20210127.0,1779325.791649608,ChiNext,ChiNext Index,49a0a4d1fd8f9616a69909cec22531a01219e391bfe1df73a5151c872292fed1
20210128.0,1760756.7476654996,ChiNext,ChiNext Index,49a0a4d1fd8f9616a69909cec22531a01219e391bfe1df73a5151c872292fed1
20210129.0,1778274.5160952718,ChiNext,ChiNext Index,49a0a4d1fd8f9616a69909cec22531a01219e391bfe1df73a5151c872292fed1
20210201.0,1816937.7604256787,ChiNext,ChiNext Index,49a0a4d1fd8f9616a69909cec22531a01219e391bfe1df73a5151c872292fed1
20210202.0,1814161.4795195379,ChiNext,ChiNext Index,49a0a4d1fd8f9616a69909cec22531a01219e391bfe1df73a5151c872292fed1
20210203.0,1801095.8891642767,ChiNext,ChiNext Index,49a0a4d1fd8f9616a69909cec22531a01219e391bfe1df73a5151c872292fed1
20210204.0,1797245.146302009,ChiNext,ChiNext Index,49a0a4d1fd8f9616a69909cec22531a01219e391bfe1df73a5151c872292fed1
20210205.0,1844713.985119961,ChiNext,ChiNext Index,49a0a4d1fd8f9616a69909cec22531a01219e391bfe1df73a5151c872292fed1
20210208.0,1876330.5376484501,ChiNext,ChiNext Index,49a0a4d1fd8f9616a69909cec22531a01219e391bfe1df73a5151c872292fed1
20210209.0,1921107.2896416294,ChiNext,ChiNext Index,49a0a4d1fd8f9616a69909cec22531a01219e391bfe1df73a5151c872292fed1
20210210.0,1868397.8687820311,ChiNext,ChiNext Index,49a0a4d1fd8f9616a69909cec22531a01219e391bfe1df73a5151c872292fed1
20210218.0,1848921.6901046757,ChiNext,ChiNext Index,49a0a4d1fd8f9616a69909cec22531a01219e391bfe1df73a5151c872292fed1
20210219.0,1766274.8896111925,ChiNext,ChiNext Index,49a0a4d1fd8f9616a69909cec22531a01219e391bfe1df73a5151c872292fed1
20210222.0,1751466.4416909763,ChiNext,ChiNext Index,49a0a4d1fd8f9616a69909cec22531a01219e391bfe1df73a5151c872292fed1
20210223.0,1692433.264985256,ChiNext,ChiNext Index,49a0a4d1fd8f9616a69909cec22531a01219e391bfe1df73a5151c872292fed1
20210224.0,1675393.8466019088,ChiNext,ChiNext Index,49a0a4d1fd8f9616a69909cec22531a01219e391bfe1df73a5151c872292fed1
20210225.0,1639905.6548487884,ChiNext,ChiNext Index,49a0a4d1fd8f9616a69909cec22531a01219e391bfe1df73a5151c872292fed1
20210226.0,1685285.1236449883,ChiNext,ChiNext Index,49a0a4d1fd8f9616a69909cec22531a01219e391bfe1df73a5151c872292fed1
20210301.0,1669606.915979241,ChiNext,ChiNext Index,49a0a4d1fd8f9616a69909cec22531a01219e391bfe1df73a5151c872292fed1
20210302.0,1686970.828199152,ChiNext,ChiNext Index,49a0a4d1fd8f9616a69909cec22531a01219e391bfe1df73a5151c872292fed1
20210303.0,1604879.4533141872,ChiNext,ChiNext Index,49a0a4d1fd8f9616a69909cec22531a01219e391bfe1df73a5151c872292fed1
20210304.0,1616190.6438703355,ChiNext,ChiNext Index,49a0a4d1fd8f9616a69909cec22531a01219e391bfe1df73a5151c872292fed1
20210305.0,1535646.1668670855,ChiNext,ChiNext Index,49a0a4d1fd8f9616a69909cec22531a01219e391bfe1df73a5151c872292fed1
20210308.0,1481963.0487551016,ChiNext,ChiNext Index,49a0a4d1fd8f9616a69909cec22531a01219e391bfe1df73a5151c872292fed1
20210309.0,1506302.810001489,ChiNext,ChiNext Index,49a0a4d1fd8f9616a69909cec22531a01219e391bfe1df73a5151c872292fed1
20210310.0,1545623.3382023096,ChiNext,ChiNext Index,49a0a4d1fd8f9616a69909cec22531a01219e391bfe1df73a5151c872292fed1
20210311.0,1551385.4217982253,ChiNext,ChiNext Index,49a0a4d1fd8f9616a69909cec22531a01219e391bfe1df73a5151c872292fed1
20210312.0,1487908.9362199593,ChiNext,ChiNext Index,49a0a4d1fd8f9616a69909cec22531a01219e391bfe1df73a5151c872292fed1
20210315.0,1503723.9198058199,ChiNext,ChiNext Index,49a0a4d1fd8f9616a69909cec22531a01219e391bfe1df73a5151c872292fed1
20210316.0,1521743.0435787023,ChiNext,ChiNext Index,49a0a4d1fd8f9616a69909cec22531a01219e391bfe1df73a5151c872292fed1
20210317.0,1546836.5870379778,ChiNext,ChiNext Index,49a0a4d1fd8f9616a69909cec22531a01219e391bfe1df73a5151c872292fed1
20210318.0,1503387.4938148153,ChiNext,ChiNext Index,49a0a4d1fd8f9616a69909cec22531a01219e391bfe1df73a5151c872292fed1
20210319.0,1518436.4028024254,ChiNext,ChiNext Index,49a0a4d1fd8f9616a69909cec22531a01219e391bfe1df73a5151c872292fed1
20210322.0,1501452.691557958,ChiNext,ChiNext Index,49a0a4d1fd8f9616a69909cec22531a01219e391bfe1df73a5151c872292fed1
20210323.0,1482618.4691232499,ChiNext,ChiNext Index,49a0a4d1fd8f9616a69909cec22531a01219e391bfe1df73a5151c872292fed1
20210324.0,1494652.882632356,ChiNext,ChiNext Index,49a0a4d1fd8f9616a69909cec22531a01219e391bfe1df73a5151c872292fed1
20210325.0,1544962.8993423996,ChiNext,ChiNext Index,49a0a4d1fd8f9616a69909cec22531a01219e391bfe1df73a5151c872292fed1
20210326.0,1538526.5832091584,ChiNext,ChiNext Index,49a0a4d1fd8f9616a69909cec22531a01219e391bfe1df73a5151c872292fed1
20210329.0,1559550.5494594323,ChiNext,ChiNext Index,49a0a4d1fd8f9616a69909cec22531a01219e391bfe1df73a5151c872292fed1
20210330.0,1552336.068230238,ChiNext,ChiNext Index,49a0a4d1fd8f9616a69909cec22531a01219e391bfe1df73a5151c872292fed1
20210331.0,1584362.314156373,ChiNext,ChiNext Index,49a0a4d1fd8f9616a69909cec22531a01219e391bfe1df73a5151c872292fed1
20210401.0,1605081.0193385496,ChiNext,ChiNext Index,49a0a4d1fd8f9616a69909cec22531a01219e391bfe1df73a5151c872292fed1
20210402.0,1593471.4685115935,ChiNext,ChiNext Index,49a0a4d1fd8f9616a69909cec22531a01219e391bfe1df73a5151c872292fed1
20210406.0,1579742.1190361464,ChiNext,ChiNext Index,49a0a4d1fd8f9616a69909cec22531a01219e391bfe1df73a5151c872292fed1
20210407.0,1590877.720769717,ChiNext,ChiNext Index,49a0a4d1fd8f9616a69909cec22531a01219e391bfe1df73a5151c872292fed1
20210408.0,1566306.6140796025,ChiNext,ChiNext Index,49a0a4d1fd8f9616a69909cec22531a01219e391bfe1df73a5151c872292fed1
20210409.0,1530643.3787985132,ChiNext,ChiNext Index,49a0a4d1fd8f9616a69909cec22531a01219e391bfe1df73a5151c872292fed1
20210412.0,1543529.866100425,ChiNext,ChiNext Index,49a0a4d1fd8f9616a69909cec22531a01219e391bfe1df73a5151c872292fed1
20210413.0,1578171.3063736353,ChiNext,ChiNext Index,49a0a4d1fd8f9616a69909cec22531a01219e391bfe1df73a5151c872292fed1
20210414.0,1570425.6418893426,ChiNext,ChiNext Index,49a0a4d1fd8f9616a69909cec22531a01219e391bfe1df73a5151c872292fed1
20210415.0,1566334.683391737,ChiNext,ChiNext Index,49a0a4d1fd8f9616a69909cec22531a01219e391bfe1df73a5151c872292fed1
20210416.0,1631251.4236543726,ChiNext,ChiNext Index,49a0a4d1fd8f9616a69909cec22531a01219e391bfe1df73a5151c872292fed1
20210419.0,1629776.7728549042,ChiNext,ChiNext Index,49a0a4d1fd8f9616a69909cec22531a01219e391bfe1df73a5151c872292fed1
20210420.0,1641519.3142083648,ChiNext,ChiNext Index,49a0a4d1fd8f9616a69909cec22531a01219e391bfe1df73a5151c872292fed1
20210421.0,1654136.0320947224,ChiNext,ChiNext Index,49a0a4d1fd8f9616a69909cec22531a01219e391bfe1df73a5151c872292fed1
20210422.0,1685139.5032640444,ChiNext,ChiNext Index,49a0a4d1fd8f9616a69909cec22531a01219e391bfe1df73a5151c872292fed1
20210423.0,1671024.7749884848,ChiNext,ChiNext Index,49a0a4d1fd8f9616a69909cec22531a01219e391bfe1df73a5151c872292fed1
20210426.0,1680382.5134204424,ChiNext,ChiNext Index,49a0a4d1fd8f9616a69909cec22531a01219e391bfe1df73a5151c872292fed1
20210427.0,1716709.0228954777,ChiNext,ChiNext Index,49a0a4d1fd8f9616a69909cec22531a01219e391bfe1df73a5151c872292fed1
20210428.0,1717177.684313556,ChiNext,ChiNext Index,49a0a4d1fd8f9616a69909cec22531a01219e391bfe1df73a5151c872292fed1
20210429.0,1739674.4289542243,ChiNext,ChiNext Index,49a0a4d1fd8f9616a69909cec22531a01219e391bfe1df73a5151c872292fed1
20210430.0,1696577.4743218888,ChiNext,ChiNext Index,49a0a4d1fd8f9616a69909cec22531a01219e391bfe1df73a5151c872292fed1
20210506.0,1637826.69292758,ChiNext,ChiNext Index,49a0a4d1fd8f9616a69909cec22531a01219e391bfe1df73a5151c872292fed1
20210507.0,1644191.2874802756,ChiNext,ChiNext Index,49a0a4d1fd8f9616a69909cec22531a01219e391bfe1df73a5151c872292fed1
20210510.0,1643977.542879771,ChiNext,ChiNext Index,49a0a4d1fd8f9616a69909cec22531a01219e391bfe1df73a5151c872292fed1
20210511.0,1665931.218624233,ChiNext,ChiNext Index,49a0a4d1fd8f9616a69909cec22531a01219e391bfe1df73a5151c872292fed1
20210512.0,1656512.0439962454,ChiNext,ChiNext Index,49a0a4d1fd8f9616a69909cec22531a01219e391bfe1df73a5151c872292fed1
20210513.0,1707265.916662722,ChiNext,ChiNext Index,49a0a4d1fd8f9616a69909cec22531a01219e391bfe1df73a5151c872292fed1
20210514.0,1751685.5610555822,ChiNext,ChiNext Index,49a0a4d1fd8f9616a69909cec22531a01219e391bfe1df73a5151c872292fed1
20210517.0,1738957.813863521,ChiNext,ChiNext Index,49a0a4d1fd8f9616a69909cec22531a01219e391bfe1df73a5151c872292fed1
20210518.0,1752801.6564035292,ChiNext,ChiNext Index,49a0a4d1fd8f9616a69909cec22531a01219e391bfe1df73a5151c872292fed1
20210519.0,1769060.645382276,ChiNext,ChiNext Index,49a0a4d1fd8f9616a69909cec22531a01219e391bfe1df73a5151c872292fed1
20210520.0,1751976.8265586048,ChiNext,ChiNext Index,49a0a4d1fd8f9616a69909cec22531a01219e391bfe1df73a5151c872292fed1
20210521.0,1766849.3579762634,ChiNext,ChiNext Index,49a0a4d1fd8f9616a69909cec22531a01219e391bfe1df73a5151c872292fed1
20210524.0,1816185.092553497,ChiNext,ChiNext Index,49a0a4d1fd8f9616a69909cec22531a01219e391bfe1df73a5151c872292fed1
20210525.0,1799016.694676402,ChiNext,ChiNext Index,49a0a4d1fd8f9616a69909cec22531a01219e391bfe1df73a5151c872292fed1
20210526.0,1815483.0945251714,ChiNext,ChiNext Index,49a0a4d1fd8f9616a69909cec22531a01219e391bfe1df73a5151c872292fed1
20210527.0,1818963.3755122572,ChiNext,ChiNext Index,49a0a4d1fd8f9616a69909cec22531a01219e391bfe1df73a5151c872292fed1
20210528.0,1862169.2129094505,ChiNext,ChiNext Index,49a0a4d1fd8f9616a69909cec22531a01219e391bfe1df73a5151c872292fed1
20210531.0,1857154.3907529626,ChiNext,ChiNext Index,49a0a4d1fd8f9616a69909cec22531a01219e391bfe1df73a5151c872292fed1
20210601.0,1825001.4771447056,ChiNext,ChiNext Index,49a0a4d1fd8f9616a69909cec22531a01219e391bfe1df73a5151c872292fed1
20210602.0,1801794.7579338863,ChiNext,ChiNext Index,49a0a4d1fd8f9616a69909cec22531a01219e391bfe1df73a5151c872292fed1
20210603.0,1824769.442907789,ChiNext,ChiNext Index,49a0a4d1fd8f9616a69909cec22531a01219e391bfe1df73a5151c872292fed1
20210604.0,1816683.8896632798,ChiNext,ChiNext Index,49a0a4d1fd8f9616a69909cec22531a01219e391bfe1df73a5151c872292fed1
20210607.0,1805613.0176655897,ChiNext,ChiNext Index,49a0a4d1fd8f9616a69909cec22531a01219e391bfe1df73a5151c872292fed1
20210608.0,1805080.3618181539,ChiNext,ChiNext Index,49a0a4d1fd8f9616a69909cec22531a01219e391bfe1df73a5151c872292fed1
20210609.0,1848909.5184560511,ChiNext,ChiNext Index,49a0a4d1fd8f9616a69909cec22531a01219e391bfe1df73a5151c872292fed1
20210610.0,1856218.257470562,ChiNext,ChiNext Index,49a0a4d1fd8f9616a69909cec22531a01219e391bfe1df73a5151c872292fed1
20210611.0,1835785.0075833357,ChiNext,ChiNext Index,49a0a4d1fd8f9616a69909cec22531a01219e391bfe1df73a5151c872292fed1
20210615.0,1758977.597824883,ChiNext,ChiNext Index,49a0a4d1fd8f9616a69909cec22531a01219e391bfe1df73a5151c872292fed1
20210616.0,1794369.9869562362,ChiNext,ChiNext Index,49a0a4d1fd8f9616a69909cec22531a01219e391bfe1df73a5151c872292fed1
20210617.0,1822864.5823721404,ChiNext,ChiNext Index,49a0a4d1fd8f9616a69909cec22531a01219e391bfe1df73a5151c872292fed1
20210618.0,1840506.2652905656,ChiNext,ChiNext Index,49a0a4d1fd8f9616a69909cec22531a01219e391bfe1df73a5151c872292fed1
20210621.0,1846929.6319139071,ChiNext,ChiNext Index,49a0a4d1fd8f9616a69909cec22531a01219e391bfe1df73a5151c872292fed1
20210622.0,1867726.059886261,ChiNext,ChiNext Index,49a0a4d1fd8f9616a69909cec22531a01219e391bfe1df73a5151c872292fed1
20210623.0,1845335.7595242145,ChiNext,ChiNext Index,49a0a4d1fd8f9616a69909cec22531a01219e391bfe1df73a5151c872292fed1
20210624.0,1883906.9678232002,ChiNext,ChiNext Index,49a0a4d1fd8f9616a69909cec22531a01219e391bfe1df73a5151c872292fed1
20210625.0,1920577.216768656,ChiNext,ChiNext Index,49a0a4d1fd8f9616a69909cec22531a01219e391bfe1df73a5151c872292fed1
20210628.0,1916849.3769774549,ChiNext,ChiNext Index,49a0a4d1fd8f9616a69909cec22531a01219e391bfe1df73a5151c872292fed1
20210629.0,1956769.6817448484,ChiNext,ChiNext Index,49a0a4d1fd8f9616a69909cec22531a01219e391bfe1df73a5151c872292fed1
20210630.0,1944490.9524995626,ChiNext,ChiNext Index,49a0a4d1fd8f9616a69909cec22531a01219e391bfe1df73a5151c872292fed1
20210701.0,1876138.2060052012,ChiNext,ChiNext Index,49a0a4d1fd8f9616a69909cec22531a01219e391bfe1df73a5151c872292fed1
20210702.0,1886391.301360646,ChiNext,ChiNext Index,49a0a4d1fd8f9616a69909cec22531a01219e391bfe1df73a5151c872292fed1
20210705.0,1852553.2146377987,ChiNext,ChiNext Index,49a0a4d1fd8f9616a69909cec22531a01219e391bfe1df73a5151c872292fed1
20210706.0,1918731.972471169,ChiNext,ChiNext Index,49a0a4d1fd8f9616a69909cec22531a01219e391bfe1df73a5151c872292fed1
20210707.0,1931882.9613062348,ChiNext,ChiNext Index,49a0a4d1fd8f9616a69909cec22531a01219e391bfe1df73a5151c872292fed1
20210708.0,1918574.2200274155,ChiNext,ChiNext Index,49a0a4d1fd8f9616a69909cec22531a01219e391bfe1df73a5151c872292fed1
20210709.0,1989171.9958872872,ChiNext,ChiNext Index,49a0a4d1fd8f9616a69909cec22531a01219e391bfe1df73a5151c872292fed1
20210712.0,1978036.6108860562,ChiNext,ChiNext Index,49a0a4d1fd8f9616a69909cec22531a01219e391bfe1df73a5151c872292fed1
20210713.0,1963209.247873543,ChiNext,ChiNext Index,49a0a4d1fd8f9616a69909cec22531a01219e391bfe1df73a5151c872292fed1
20210714.0,1990650.9872714265,ChiNext,ChiNext Index,49a0a4d1fd8f9616a69909cec22531a01219e391bfe1df73a5151c872292fed1
20210715.0,1931705.8207196891,ChiNext,ChiNext Index,49a0a4d1fd8f9616a69909cec22531a01219e391bfe1df73a5151c872292fed1
20210716.0,1941204.0185318936,ChiNext,ChiNext Index,49a0a4d1fd8f9616a69909cec22531a01219e391bfe1df73a5151c872292fed1
20210719.0,1949230.8966910047,ChiNext,ChiNext Index,49a0a4d1fd8f9616a69909cec22531a01219e391bfe1df73a5151c872292fed1
20210720.0,2003398.0741136563,ChiNext,ChiNext Index,49a0a4d1fd8f9616a69909cec22531a01219e391bfe1df73a5151c872292fed1
20210721.0,1994613.1741008156,ChiNext,ChiNext Index,49a0a4d1fd8f9616a69909cec22531a01219e391bfe1df73a5151c872292fed1
20210722.0,1952652.4966548204,ChiNext,ChiNext Index,49a0a4d1fd8f9616a69909cec22531a01219e391bfe1df73a5151c872292fed1
20210723.0,1897140.5386072977,ChiNext,ChiNext Index,49a0a4d1fd8f9616a69909cec22531a01219e391bfe1df73a5151c872292fed1
20210726.0,1819262.919398949,ChiNext,ChiNext Index,49a0a4d1fd8f9616a69909cec22531a01219e391bfe1df73a5151c872292fed1
20210727.0,1848571.2447971075,ChiNext,ChiNext Index,49a0a4d1fd8f9616a69909cec22531a01219e391bfe1df73a5151c872292fed1
20210728.0,1946939.2669034738,ChiNext,ChiNext Index,49a0a4d1fd8f9616a69909cec22531a01219e391bfe1df73a5151c872292fed1
20210729.0,1935942.953799656,ChiNext,ChiNext Index,49a0a4d1fd8f9616a69909cec22531a01219e391bfe1df73a5151c872292fed1
20210730.0,1965868.7595307305,ChiNext,ChiNext Index,49a0a4d1fd8f9616a69909cec22531a01219e391bfe1df73a5151c872292fed1
20210802.0,1956792.3436345838,ChiNext,ChiNext Index,49a0a4d1fd8f9616a69909cec22531a01219e391bfe1df73a5151c872292fed1
20210803.0,2005130.9847528182,ChiNext,ChiNext Index,49a0a4d1fd8f9616a69909cec22531a01219e391bfe1df73a5151c872292fed1
20210804.0,1987894.879296871,ChiNext,ChiNext Index,49a0a4d1fd8f9616a69909cec22531a01219e391bfe1df73a5151c872292fed1
20210805.0,1964485.4292490676,ChiNext,ChiNext Index,49a0a4d1fd8f9616a69909cec22531a01219e391bfe1df73a5151c872292fed1
20210806.0,1945264.9036854543,ChiNext,ChiNext Index,49a0a4d1fd8f9616a69909cec22531a01219e391bfe1df73a5151c872292fed1
20210809.0,1951974.1224515473,ChiNext,ChiNext Index,49a0a4d1fd8f9616a69909cec22531a01219e391bfe1df73a5151c872292fed1
20210810.0,1934183.8304231067,ChiNext,ChiNext Index,49a0a4d1fd8f9616a69909cec22531a01219e391bfe1df73a5151c872292fed1
20210811.0,1905695.2362168345,ChiNext,ChiNext Index,49a0a4d1fd8f9616a69909cec22531a01219e391bfe1df73a5151c872292fed1
20210812.0,1882451.4716102127,ChiNext,ChiNext Index,49a0a4d1fd8f9616a69909cec22531a01219e391bfe1df73a5151c872292fed1
20210813.0,1857840.3011058636,ChiNext,ChiNext Index,49a0a4d1fd8f9616a69909cec22531a01219e391bfe1df73a5151c872292fed1
20210816.0,1814374.2691122433,ChiNext,ChiNext Index,49a0a4d1fd8f9616a69909cec22531a01219e391bfe1df73a5151c872292fed1
20210817.0,1828003.848477564,ChiNext,ChiNext Index,49a0a4d1fd8f9616a69909cec22531a01219e391bfe1df73a5151c872292fed1
20210818.0,1844876.3245700866,ChiNext,ChiNext Index,49a0a4d1fd8f9616a69909cec22531a01219e391bfe1df73a5151c872292fed1
20210819.0,1796785.9330284481,ChiNext,ChiNext Index,49a0a4d1fd8f9616a69909cec22531a01219e391bfe1df73a5151c872292fed1
20210820.0,1853549.99437921,ChiNext,ChiNext Index,49a0a4d1fd8f9616a69909cec22531a01219e391bfe1df73a5151c872292fed1
20210823.0,1874265.2694504727,ChiNext,ChiNext Index,49a0a4d1fd8f9616a69909cec22531a01219e391bfe1df73a5151c872292fed1
20210824.0,1884440.6558707757,ChiNext,ChiNext Index,49a0a4d1fd8f9616a69909cec22531a01219e391bfe1df73a5151c872292fed1
20210825.0,1837050.7422621467,ChiNext,ChiNext Index,49a0a4d1fd8f9616a69909cec22531a01219e391bfe1df73a5151c872292fed1
20210826.0,1832899.0066723395,ChiNext,ChiNext Index,49a0a4d1fd8f9616a69909cec22531a01219e391bfe1df73a5151c872292fed1
20210827.0,1841189.2096762394,ChiNext,ChiNext Index,49a0a4d1fd8f9616a69909cec22531a01219e391bfe1df73a5151c872292fed1
20210830.0,1808727.2021032986,ChiNext,ChiNext Index,49a0a4d1fd8f9616a69909cec22531a01219e391bfe1df73a5151c872292fed1
20210831.0,1793381.9606282804,ChiNext,ChiNext Index,49a0a4d1fd8f9616a69909cec22531a01219e391bfe1df73a5151c872292fed1
20210901.0,1766343.1414950085,ChiNext,ChiNext Index,49a0a4d1fd8f9616a69909cec22531a01219e391bfe1df73a5151c872292fed1
20210902.0,1745714.0190133362,ChiNext,ChiNext Index,49a0a4d1fd8f9616a69909cec22531a01219e391bfe1df73a5151c872292fed1
20210903.0,1816588.2631983918,ChiNext,ChiNext Index,49a0a4d1fd8f9616a69909cec22531a01219e391bfe1df73a5151c872292fed1
20210906.0,1829756.7113573896,ChiNext,ChiNext Index,49a0a4d1fd8f9616a69909cec22531a01219e391bfe1df73a5151c872292fed1
20210907.0,1812008.0715240312,ChiNext,ChiNext Index,49a0a4d1fd8f9616a69909cec22531a01219e391bfe1df73a5151c872292fed1
20210908.0,1813129.703937923,ChiNext,ChiNext Index,49a0a4d1fd8f9616a69909cec22531a01219e391bfe1df73a5151c872292fed1
20210909.0,1818795.7345317889,ChiNext,ChiNext Index,49a0a4d1fd8f9616a69909cec22531a01219e391bfe1df73a5151c872292fed1
20210910.0,1797561.2944590175,ChiNext,ChiNext Index,49a0a4d1fd8f9616a69909cec22531a01219e391bfe1df73a5151c872292fed1
20210913.0,1821350.220072195,ChiNext,ChiNext Index,49a0a4d1fd8f9616a69909cec22531a01219e391bfe1df73a5151c872292fed1
20210914.0,1801009.381291992,ChiNext,ChiNext Index,49a0a4d1fd8f9616a69909cec22531a01219e391bfe1df73a5151c872292fed1
20210915.0,1760742.4136417026,ChiNext,ChiNext Index,49a0a4d1fd8f9616a69909cec22531a01219e391bfe1df73a5151c872292fed1
20210916.0,1796992.5779129406,ChiNext,ChiNext Index,49a0a4d1fd8f9616a69909cec22531a01219e391bfe1df73a5151c872292fed1
20210917.0,1780710.0284464464,ChiNext,ChiNext Index,49a0a4d1fd8f9616a69909cec22531a01219e391bfe1df73a5151c872292fed1
20210922.0,1790917.0587780243,ChiNext,ChiNext Index,49a0a4d1fd8f9616a69909cec22531a01219e391bfe1df73a5151c872292fed1
20210923.0,1805183.503650117,ChiNext,ChiNext Index,49a0a4d1fd8f9616a69909cec22531a01219e391bfe1df73a5151c872292fed1
20210924.0,1818556.3026955985,ChiNext,ChiNext Index,49a0a4d1fd8f9616a69909cec22531a01219e391bfe1df73a5151c872292fed1
20210927.0,1807228.5157862967,ChiNext,ChiNext Index,49a0a4d1fd8f9616a69909cec22531a01219e391bfe1df73a5151c872292fed1
20210928.0,1786799.604504451,ChiNext,ChiNext Index,49a0a4d1fd8f9616a69909cec22531a01219e391bfe1df73a5151c872292fed1
20210929.0,1825907.2876924241,ChiNext,ChiNext Index,49a0a4d1fd8f9616a69909cec22531a01219e391bfe1df73a5151c872292fed1
20210930.0,1825096.5850354105,ChiNext,ChiNext Index,49a0a4d1fd8f9616a69909cec22531a01219e391bfe1df73a5151c872292fed1
20211008.0,1798639.9851698866,ChiNext,ChiNext Index,49a0a4d1fd8f9616a69909cec22531a01219e391bfe1df73a5151c872292fed1
20211011.0,1766043.2324291687,ChiNext,ChiNext Index,49a0a4d1fd8f9616a69909cec22531a01219e391bfe1df73a5151c872292fed1
20211012.0,1806501.5163465387,ChiNext,ChiNext Index,49a0a4d1fd8f9616a69909cec22531a01219e391bfe1df73a5151c872292fed1
20211013.0,1809639.4097188038,ChiNext,ChiNext Index,49a0a4d1fd8f9616a69909cec22531a01219e391bfe1df73a5151c872292fed1
20211014.0,1843733.0159532656,ChiNext,ChiNext Index,49a0a4d1fd8f9616a69909cec22531a01219e391bfe1df73a5151c872292fed1
20211015.0,1843825.203400431,ChiNext,ChiNext Index,49a0a4d1fd8f9616a69909cec22531a01219e391bfe1df73a5151c872292fed1
20211018.0,1855535.336836377,ChiNext,ChiNext Index,49a0a4d1fd8f9616a69909cec22531a01219e391bfe1df73a5151c872292fed1
20211019.0,1848686.5562984042,ChiNext,ChiNext Index,49a0a4d1fd8f9616a69909cec22531a01219e391bfe1df73a5151c872292fed1
20211020.0,1845516.0580691928,ChiNext,ChiNext Index,49a0a4d1fd8f9616a69909cec22531a01219e391bfe1df73a5151c872292fed1
20211021.0,1848568.5420755534,ChiNext,ChiNext Index,49a0a4d1fd8f9616a69909cec22531a01219e391bfe1df73a5151c872292fed1
20211022.0,1878794.4864701976,ChiNext,ChiNext Index,49a0a4d1fd8f9616a69909cec22531a01219e391bfe1df73a5151c872292fed1
20211025.0,1872555.0098149467,ChiNext,ChiNext Index,49a0a4d1fd8f9616a69909cec22531a01219e391bfe1df73a5151c872292fed1
20211026.0,1862102.407887192,ChiNext,ChiNext Index,49a0a4d1fd8f9616a69909cec22531a01219e391bfe1df73a5151c872292fed1
20211027.0,1844879.8229665325,ChiNext,ChiNext Index,49a0a4d1fd8f9616a69909cec22531a01219e391bfe1df73a5151c872292fed1
20211028.0,1885570.491455287,ChiNext,ChiNext Index,49a0a4d1fd8f9616a69909cec22531a01219e391bfe1df73a5151c872292fed1
20211029.0,1875018.8398792476,ChiNext,ChiNext Index,49a0a4d1fd8f9616a69909cec22531a01219e391bfe1df73a5151c872292fed1
20211101.0,1879342.6332368888,ChiNext,ChiNext Index,49a0a4d1fd8f9616a69909cec22531a01219e391bfe1df73a5151c872292fed1
20211102.0,1872302.6156034665,ChiNext,ChiNext Index,49a0a4d1fd8f9616a69909cec22531a01219e391bfe1df73a5151c872292fed1
20211103.0,1892090.981876988,ChiNext,ChiNext Index,49a0a4d1fd8f9616a69909cec22531a01219e391bfe1df73a5151c872292fed1
20211104.0,1886747.717198839,ChiNext,ChiNext Index,49a0a4d1fd8f9616a69909cec22531a01219e391bfe1df73a5151c872292fed1
20211105.0,1902245.4620384735,ChiNext,ChiNext Index,49a0a4d1fd8f9616a69909cec22531a01219e391bfe1df73a5151c872292fed1
20211108.0,1918930.057912702,ChiNext,ChiNext Index,49a0a4d1fd8f9616a69909cec22531a01219e391bfe1df73a5151c872292fed1
20211109.0,1913146.4020266226,ChiNext,ChiNext Index,49a0a4d1fd8f9616a69909cec22531a01219e391bfe1df73a5151c872292fed1
20211110.0,1932042.5495421824,ChiNext,ChiNext Index,49a0a4d1fd8f9616a69909cec22531a01219e391bfe1df73a5151c872292fed1
20211111.0,1930297.914574111,ChiNext,ChiNext Index,49a0a4d1fd8f9616a69909cec22531a01219e391bfe1df73a5151c872292fed1
20211112.0,1914390.329869313,ChiNext,ChiNext Index,49a0a4d1fd8f9616a69909cec22531a01219e391bfe1df73a5151c872292fed1
20211115.0,1909799.6222230617,ChiNext,ChiNext Index,49a0a4d1fd8f9616a69909cec22531a01219e391bfe1df73a5151c872292fed1
20211116.0,1925339.6615376354,ChiNext,ChiNext Index,49a0a4d1fd8f9616a69909cec22531a01219e391bfe1df73a5151c872292fed1
20211117.0,1904280.2956718397,ChiNext,ChiNext Index,49a0a4d1fd8f9616a69909cec22531a01219e391bfe1df73a5151c872292fed1
20211118.0,1924006.7358748645,ChiNext,ChiNext Index,49a0a4d1fd8f9616a69909cec22531a01219e391bfe1df73a5151c872292fed1
20211119.0,1972834.178684465,ChiNext,ChiNext Index,49a0a4d1fd8f9616a69909cec22531a01219e391bfe1df73a5151c872292fed1
20211122.0,1965542.5832970073,ChiNext,ChiNext Index,49a0a4d1fd8f9616a69909cec22531a01219e391bfe1df73a5151c872292fed1
20211123.0,1957603.7568569856,ChiNext,ChiNext Index,49a0a4d1fd8f9616a69909cec22531a01219e391bfe1df73a5151c872292fed1
20211124.0,1955233.0989370106,ChiNext,ChiNext Index,49a0a4d1fd8f9616a69909cec22531a01219e391bfe1df73a5151c872292fed1
20211125.0,1952091.0391576632,ChiNext,ChiNext Index,49a0a4d1fd8f9616a69909cec22531a01219e391bfe1df73a5151c872292fed1
20211126.0,1971529.9616447492,ChiNext,ChiNext Index,49a0a4d1fd8f9616a69909cec22531a01219e391bfe1df73a5151c872292fed1
20211129.0,1967131.4787600446,ChiNext,ChiNext Index,49a0a4d1fd8f9616a69909cec22531a01219e391bfe1df73a5151c872292fed1
20211130.0,1954622.4897120225,ChiNext,ChiNext Index,49a0a4d1fd8f9616a69909cec22531a01219e391bfe1df73a5151c872292fed1
20211201.0,1950990.8008977652,ChiNext,ChiNext Index,49a0a4d1fd8f9616a69909cec22531a01219e391bfe1df73a5151c872292fed1
20211202.0,1957604.6594135792,ChiNext,ChiNext Index,49a0a4d1fd8f9616a69909cec22531a01219e391bfe1df73a5151c872292fed1
20211203.0,1916675.0618284913,ChiNext,ChiNext Index,49a0a4d1fd8f9616a69909cec22531a01219e391bfe1df73a5151c872292fed1
20211206.0,1895767.9697295818,ChiNext,ChiNext Index,49a0a4d1fd8f9616a69909cec22531a01219e391bfe1df73a5151c872292fed1
20211207.0,1927235.82210068,ChiNext,ChiNext Index,49a0a4d1fd8f9616a69909cec22531a01219e391bfe1df73a5151c872292fed1
20211208.0,1946714.3947302285,ChiNext,ChiNext Index,49a0a4d1fd8f9616a69909cec22531a01219e391bfe1df73a5151c872292fed1
20211209.0,1950923.191293806,ChiNext,ChiNext Index,49a0a4d1fd8f9616a69909cec22531a01219e391bfe1df73a5151c872292fed1
20211210.0,1967898.173865953,ChiNext,ChiNext Index,49a0a4d1fd8f9616a69909cec22531a01219e391bfe1df73a5151c872292fed1
20211213.0,1966827.6378330789,ChiNext,ChiNext Index,49a0a4d1fd8f9616a69909cec22531a01219e391bfe1df73a5151c872292fed1
20211214.0,1949775.2422297616,ChiNext,ChiNext Index,49a0a4d1fd8f9616a69909cec22531a01219e391bfe1df73a5151c872292fed1
20211215.0,1964232.8252327652,ChiNext,ChiNext Index,49a0a4d1fd8f9616a69909cec22531a01219e391bfe1df73a5151c872292fed1
20211216.0,1932657.7823904224,ChiNext,ChiNext Index,49a0a4d1fd8f9616a69909cec22531a01219e391bfe1df73a5151c872292fed1
20211217.0,1875408.5939016198,ChiNext,ChiNext Index,49a0a4d1fd8f9616a69909cec22531a01219e391bfe1df73a5151c872292fed1
20211220.0,1885438.278790057,ChiNext,ChiNext Index,49a0a4d1fd8f9616a69909cec22531a01219e391bfe1df73a5151c872292fed1
20211221.0,1895719.5740908273,ChiNext,ChiNext Index,49a0a4d1fd8f9616a69909cec22531a01219e391bfe1df73a5151c872292fed1
20211222.0,1898534.7173817018,ChiNext,ChiNext Index,49a0a4d1fd8f9616a69909cec22531a01219e391bfe1df73a5151c872292fed1
20211223.0,1855430.3849429998,ChiNext,ChiNext Index,49a0a4d1fd8f9616a69909cec22531a01219e391bfe1df73a5151c872292fed1
20211224.0,1853576.8098106382,ChiNext,ChiNext Index,49a0a4d1fd8f9616a69909cec22531a01219e391bfe1df73a5151c872292fed1
20211227.0,1873130.191714342,ChiNext,ChiNext Index,49a0a4d1fd8f9616a69909cec22531a01219e391bfe1df73a5151c872292fed1
20211228.0,1846870.7796819848,ChiNext,ChiNext Index,49a0a4d1fd8f9616a69909cec22531a01219e391bfe1df73a5151c872292fed1
20211229.0,1869886.4834779217,ChiNext,ChiNext Index,49a0a4d1fd8f9616a69909cec22531a01219e391bfe1df73a5151c872292fed1
20211230.0,1869817.2973688599,ChiNext,ChiNext Index,49a0a4d1fd8f9616a69909cec22531a01219e391bfe1df73a5151c872292fed1
20211231.0,1829010.4049257613,ChiNext,ChiNext Index,49a0a4d1fd8f9616a69909cec22531a01219e391bfe1df73a5151c872292fed1
20220104.0,1779122.3175889382,ChiNext,ChiNext Index,49a0a4d1fd8f9616a69909cec22531a01219e391bfe1df73a5151c872292fed1
20220105.0,1759973.6234565082,ChiNext,ChiNext Index,49a0a4d1fd8f9616a69909cec22531a01219e391bfe1df73a5151c872292fed1
20220106.0,1742754.0421096012,ChiNext,ChiNext Index,49a0a4d1fd8f9616a69909cec22531a01219e391bfe1df73a5151c872292fed1
20220107.0,1742083.081339928,ChiNext,ChiNext Index,49a0a4d1fd8f9616a69909cec22531a01219e391bfe1df73a5151c872292fed1
20220110.0,1719834.938589614,ChiNext,ChiNext Index,49a0a4d1fd8f9616a69909cec22531a01219e391bfe1df73a5151c872292fed1
20220111.0,1765154.309190348,ChiNext,ChiNext Index,49a0a4d1fd8f9616a69909cec22531a01219e391bfe1df73a5151c872292fed1
20220112.0,1735023.1243312322,ChiNext,ChiNext Index,49a0a4d1fd8f9616a69909cec22531a01219e391bfe1df73a5151c872292fed1
20220113.0,1755432.2021298609,ChiNext,ChiNext Index,49a0a4d1fd8f9616a69909cec22531a01219e391bfe1df73a5151c872292fed1
20220114.0,1784131.763002034,ChiNext,ChiNext Index,49a0a4d1fd8f9616a69909cec22531a01219e391bfe1df73a5151c872292fed1
20220117.0,1769459.062760373,ChiNext,ChiNext Index,49a0a4d1fd8f9616a69909cec22531a01219e391bfe1df73a5151c872292fed1
20220118.0,1730991.023013776,ChiNext,ChiNext Index,49a0a4d1fd8f9616a69909cec22531a01219e391bfe1df73a5151c872292fed1
20220119.0,1725373.9571047628,ChiNext,ChiNext Index,49a0a4d1fd8f9616a69909cec22531a01219e391bfe1df73a5151c872292fed1
20220120.0,1707752.713332532,ChiNext,ChiNext Index,49a0a4d1fd8f9616a69909cec22531a01219e391bfe1df73a5151c872292fed1
20220121.0,1719993.8845457046,ChiNext,ChiNext Index,49a0a4d1fd8f9616a69909cec22531a01219e391bfe1df73a5151c872292fed1
20220124.0,1674142.287603633,ChiNext,ChiNext Index,49a0a4d1fd8f9616a69909cec22531a01219e391bfe1df73a5151c872292fed1
20220125.0,1690719.6445139928,ChiNext,ChiNext Index,49a0a4d1fd8f9616a69909cec22531a01219e391bfe1df73a5151c872292fed1
20220126.0,1635767.8742485947,ChiNext,ChiNext Index,49a0a4d1fd8f9616a69909cec22531a01219e391bfe1df73a5151c872292fed1
20220127.0,1636996.3359131645,ChiNext,ChiNext Index,49a0a4d1fd8f9616a69909cec22531a01219e391bfe1df73a5151c872292fed1
20220128.0,1642015.3670314872,ChiNext,ChiNext Index,49a0a4d1fd8f9616a69909cec22531a01219e391bfe1df73a5151c872292fed1
20220207.0,1601845.1035699127,ChiNext,ChiNext Index,49a0a4d1fd8f9616a69909cec22531a01219e391bfe1df73a5151c872292fed1
20220208.0,1622731.5615624867,ChiNext,ChiNext Index,49a0a4d1fd8f9616a69909cec22531a01219e391bfe1df73a5151c872292fed1
20220209.0,1590609.590206925,ChiNext,ChiNext Index,49a0a4d1fd8f9616a69909cec22531a01219e391bfe1df73a5151c872292fed1
20220210.0,1545514.2179225585,ChiNext,ChiNext Index,49a0a4d1fd8f9616a69909cec22531a01219e391bfe1df73a5151c872292fed1
20220211.0,1537426.5418886926,ChiNext,ChiNext Index,49a0a4d1fd8f9616a69909cec22531a01219e391bfe1df73a5151c872292fed1
20220214.0,1584940.7094343423,ChiNext,ChiNext Index,49a0a4d1fd8f9616a69909cec22531a01219e391bfe1df73a5151c872292fed1
20220215.0,1586039.073305876,ChiNext,ChiNext Index,49a0a4d1fd8f9616a69909cec22531a01219e391bfe1df73a5151c872292fed1
20220216.0,1598097.7281787565,ChiNext,ChiNext Index,49a0a4d1fd8f9616a69909cec22531a01219e391bfe1df73a5151c872292fed1
20220217.0,1590775.2439794547,ChiNext,ChiNext Index,49a0a4d1fd8f9616a69909cec22531a01219e391bfe1df73a5151c872292fed1
20220218.0,1578273.3417820546,ChiNext,ChiNext Index,49a0a4d1fd8f9616a69909cec22531a01219e391bfe1df73a5151c872292fed1
20220221.0,1556502.6395940543,ChiNext,ChiNext Index,49a0a4d1fd8f9616a69909cec22531a01219e391bfe1df73a5151c872292fed1
20220222.0,1600372.6656175316,ChiNext,ChiNext Index,49a0a4d1fd8f9616a69909cec22531a01219e391bfe1df73a5151c872292fed1
20220223.0,1566627.207723693,ChiNext,ChiNext Index,49a0a4d1fd8f9616a69909cec22531a01219e391bfe1df73a5151c872292fed1
20220224.0,1607091.6224942405,ChiNext,ChiNext Index,49a0a4d1fd8f9616a69909cec22531a01219e391bfe1df73a5151c872292fed1
20220225.0,1621444.557425001,ChiNext,ChiNext Index,49a0a4d1fd8f9616a69909cec22531a01219e391bfe1df73a5151c872292fed1
20220228.0,1623965.9036999508,ChiNext,ChiNext Index,49a0a4d1fd8f9616a69909cec22531a01219e391bfe1df73a5151c872292fed1
20220301.0,1595181.1076394615,ChiNext,ChiNext Index,49a0a4d1fd8f9616a69909cec22531a01219e391bfe1df73a5151c872292fed1
20220302.0,1571159.2759117803,ChiNext,ChiNext Index,49a0a4d1fd8f9616a69909cec22531a01219e391bfe1df73a5151c872292fed1
20220303.0,1546785.8815668877,ChiNext,ChiNext Index,49a0a4d1fd8f9616a69909cec22531a01219e391bfe1df73a5151c872292fed1
20220304.0,1480232.326221892,ChiNext,ChiNext Index,49a0a4d1fd8f9616a69909cec22531a01219e391bfe1df73a5151c872292fed1
20220307.0,1453565.9403374146,ChiNext,ChiNext Index,49a0a4d1fd8f9616a69909cec22531a01219e391bfe1df73a5151c872292fed1
20220308.0,1444411.3820414466,ChiNext,ChiNext Index,49a0a4d1fd8f9616a69909cec22531a01219e391bfe1df73a5151c872292fed1
20220309.0,1482945.3885806592,ChiNext,ChiNext Index,49a0a4d1fd8f9616a69909cec22531a01219e391bfe1df73a5151c872292fed1
20220310.0,1499978.4999539498,ChiNext,ChiNext Index,49a0a4d1fd8f9616a69909cec22531a01219e391bfe1df73a5151c872292fed1
20220311.0,1446508.7662115493,ChiNext,ChiNext Index,49a0a4d1fd8f9616a69909cec22531a01219e391bfe1df73a5151c872292fed1
20220314.0,1409556.2535775183,ChiNext,ChiNext Index,49a0a4d1fd8f9616a69909cec22531a01219e391bfe1df73a5151c872292fed1
20220315.0,1482881.369410167,ChiNext,ChiNext Index,49a0a4d1fd8f9616a69909cec22531a01219e391bfe1df73a5151c872292fed1
20220316.0,1525448.9617349177,ChiNext,ChiNext Index,49a0a4d1fd8f9616a69909cec22531a01219e391bfe1df73a5151c872292fed1
20220317.0,1527175.7702206185,ChiNext,ChiNext Index,49a0a4d1fd8f9616a69909cec22531a01219e391bfe1df73a5151c872292fed1
20220318.0,1534145.800132215,ChiNext,ChiNext Index,49a0a4d1fd8f9616a69909cec22531a01219e391bfe1df73a5151c872292fed1
20220321.0,1512792.0246599994,ChiNext,ChiNext Index,49a0a4d1fd8f9616a69909cec22531a01219e391bfe1df73a5151c872292fed1
20220322.0,1528391.9365308902,ChiNext,ChiNext Index,49a0a4d1fd8f9616a69909cec22531a01219e391bfe1df73a5151c872292fed1
20220323.0,1522911.12301958,ChiNext,ChiNext Index,49a0a4d1fd8f9616a69909cec22531a01219e391bfe1df73a5151c872292fed1
20220324.0,1484492.6437243589,ChiNext,ChiNext Index,49a0a4d1fd8f9616a69909cec22531a01219e391bfe1df73a5151c872292fed1
20220325.0,1459835.221153165,ChiNext,ChiNext Index,49a0a4d1fd8f9616a69909cec22531a01219e391bfe1df73a5151c872292fed1
20220328.0,1459011.8737970316,ChiNext,ChiNext Index,49a0a4d1fd8f9616a69909cec22531a01219e391bfe1df73a5151c872292fed1
20220329.0,1517627.6764672515,ChiNext,ChiNext Index,49a0a4d1fd8f9616a69909cec22531a01219e391bfe1df73a5151c872292fed1
20220330.0,1496619.1566021908,ChiNext,ChiNext Index,49a0a4d1fd8f9616a69909cec22531a01219e391bfe1df73a5151c872292fed1
20220331.0,1500826.153000808,ChiNext,ChiNext Index,49a0a4d1fd8f9616a69909cec22531a01219e391bfe1df73a5151c872292fed1
20220401.0,1482221.912278482,ChiNext,ChiNext Index,49a0a4d1fd8f9616a69909cec22531a01219e391bfe1df73a5151c872292fed1
20220406.0,1451058.1957486747,ChiNext,ChiNext Index,49a0a4d1fd8f9616a69909cec22531a01219e391bfe1df73a5151c872292fed1
20220407.0,1446205.857530539,ChiNext,ChiNext Index,49a0a4d1fd8f9616a69909cec22531a01219e391bfe1df73a5151c872292fed1
20220408.0,1385504.2594377077,ChiNext,ChiNext Index,49a0a4d1fd8f9616a69909cec22531a01219e391bfe1df73a5151c872292fed1
20220411.0,1420197.285966403,ChiNext,ChiNext Index,49a0a4d1fd8f9616a69909cec22531a01219e391bfe1df73a5151c872292fed1
20220412.0,1388203.0807993445,ChiNext,ChiNext Index,49a0a4d1fd8f9616a69909cec22531a01219e391bfe1df73a5151c872292fed1
20220413.0,1387894.9002773534,ChiNext,ChiNext Index,49a0a4d1fd8f9616a69909cec22531a01219e391bfe1df73a5151c872292fed1
20220414.0,1384557.012437602,ChiNext,ChiNext Index,49a0a4d1fd8f9616a69909cec22531a01219e391bfe1df73a5151c872292fed1
20220415.0,1399982.3627378275,ChiNext,ChiNext Index,49a0a4d1fd8f9616a69909cec22531a01219e391bfe1df73a5151c872292fed1
20220418.0,1380720.0048636717,ChiNext,ChiNext Index,49a0a4d1fd8f9616a69909cec22531a01219e391bfe1df73a5151c872292fed1
20220419.0,1330133.1853283027,ChiNext,ChiNext Index,49a0a4d1fd8f9616a69909cec22531a01219e391bfe1df73a5151c872292fed1
20220420.0,1301322.5011341136,ChiNext,ChiNext Index,49a0a4d1fd8f9616a69909cec22531a01219e391bfe1df73a5151c872292fed1
20220421.0,1292396.730048545,ChiNext,ChiNext Index,49a0a4d1fd8f9616a69909cec22531a01219e391bfe1df73a5151c872292fed1
20220422.0,1220595.0446365299,ChiNext,ChiNext Index,49a0a4d1fd8f9616a69909cec22531a01219e391bfe1df73a5151c872292fed1
20220425.0,1210189.4716472495,ChiNext,ChiNext Index,49a0a4d1fd8f9616a69909cec22531a01219e391bfe1df73a5151c872292fed1
20220426.0,1276964.0969479105,ChiNext,ChiNext Index,49a0a4d1fd8f9616a69909cec22531a01219e391bfe1df73a5151c872292fed1
20220427.0,1253600.761406243,ChiNext,ChiNext Index,49a0a4d1fd8f9616a69909cec22531a01219e391bfe1df73a5151c872292fed1
20220428.0,1305082.3836636813,ChiNext,ChiNext Index,49a0a4d1fd8f9616a69909cec22531a01219e391bfe1df73a5151c872292fed1
20220429.0,1287787.4319136837,ChiNext,ChiNext Index,49a0a4d1fd8f9616a69909cec22531a01219e391bfe1df73a5151c872292fed1
20220505.0,1263345.2265353317,ChiNext,ChiNext Index,49a0a4d1fd8f9616a69909cec22531a01219e391bfe1df73a5151c872292fed1
20220506.0,1253837.290612511,ChiNext,ChiNext Index,49a0a4d1fd8f9616a69909cec22531a01219e391bfe1df73a5151c872292fed1
20220509.0,1281001.674962943,ChiNext,ChiNext Index,49a0a4d1fd8f9616a69909cec22531a01219e391bfe1df73a5151c872292fed1
20220510.0,1320284.8727500895,ChiNext,ChiNext Index,49a0a4d1fd8f9616a69909cec22531a01219e391bfe1df73a5151c872292fed1
20220511.0,1323165.734432587,ChiNext,ChiNext Index,49a0a4d1fd8f9616a69909cec22531a01219e391bfe1df73a5151c872292fed1
20220512.0,1327042.6098709651,ChiNext,ChiNext Index,49a0a4d1fd8f9616a69909cec22531a01219e391bfe1df73a5151c872292fed1
20220513.0,1311887.7830960792,ChiNext,ChiNext Index,49a0a4d1fd8f9616a69909cec22531a01219e391bfe1df73a5151c872292fed1
20220516.0,1333192.841294789,ChiNext,ChiNext Index,49a0a4d1fd8f9616a69909cec22531a01219e391bfe1df73a5151c872292fed1
20220517.0,1331103.7275911923,ChiNext,ChiNext Index,49a0a4d1fd8f9616a69909cec22531a01219e391bfe1df73a5151c872292fed1
20220518.0,1337715.3198190683,ChiNext,ChiNext Index,49a0a4d1fd8f9616a69909cec22531a01219e391bfe1df73a5151c872292fed1
20220519.0,1360349.4628667987,ChiNext,ChiNext Index,49a0a4d1fd8f9616a69909cec22531a01219e391bfe1df73a5151c872292fed1
20220520.0,1356282.0183436077,ChiNext,ChiNext Index,49a0a4d1fd8f9616a69909cec22531a01219e391bfe1df73a5151c872292fed1
20220523.0,1304482.895083916,ChiNext,ChiNext Index,49a0a4d1fd8f9616a69909cec22531a01219e391bfe1df73a5151c872292fed1
20220524.0,1308715.9429077217,ChiNext,ChiNext Index,49a0a4d1fd8f9616a69909cec22531a01219e391bfe1df73a5151c872292fed1
20220525.0,1306204.5168381394,ChiNext,ChiNext Index,49a0a4d1fd8f9616a69909cec22531a01219e391bfe1df73a5151c872292fed1
20220526.0,1306963.4214555547,ChiNext,ChiNext Index,49a0a4d1fd8f9616a69909cec22531a01219e391bfe1df73a5151c872292fed1
20220527.0,1322665.27966678,ChiNext,ChiNext Index,49a0a4d1fd8f9616a69909cec22531a01219e391bfe1df73a5151c872292fed1
20220530.0,1353447.669004692,ChiNext,ChiNext Index,49a0a4d1fd8f9616a69909cec22531a01219e391bfe1df73a5151c872292fed1
20220531.0,1366881.990345352,ChiNext,ChiNext Index,49a0a4d1fd8f9616a69909cec22531a01219e391bfe1df73a5151c872292fed1
20220601.0,1383369.321194074,ChiNext,ChiNext Index,49a0a4d1fd8f9616a69909cec22531a01219e391bfe1df73a5151c872292fed1
20220602.0,1437619.5328336984,ChiNext,ChiNext Index,49a0a4d1fd8f9616a69909cec22531a01219e391bfe1df73a5151c872292fed1
20220606.0,1437600.8433805497,ChiNext,ChiNext Index,49a0a4d1fd8f9616a69909cec22531a01219e391bfe1df73a5151c872292fed1
20220607.0,1449817.5753008705,ChiNext,ChiNext Index,49a0a4d1fd8f9616a69909cec22531a01219e391bfe1df73a5151c872292fed1
20220608.0,1406975.4662316407,ChiNext,ChiNext Index,49a0a4d1fd8f9616a69909cec22531a01219e391bfe1df73a5151c872292fed1
20220609.0,1438639.4485049858,ChiNext,ChiNext Index,49a0a4d1fd8f9616a69909cec22531a01219e391bfe1df73a5151c872292fed1
20220610.0,1433020.123235552,ChiNext,ChiNext Index,49a0a4d1fd8f9616a69909cec22531a01219e391bfe1df73a5151c872292fed1
20220613.0,1434047.598807957,ChiNext,ChiNext Index,49a0a4d1fd8f9616a69909cec22531a01219e391bfe1df73a5151c872292fed1
20220614.0,1449113.7028841805,ChiNext,ChiNext Index,49a0a4d1fd8f9616a69909cec22531a01219e391bfe1df73a5151c872292fed1
20220615.0,1454957.978508845,ChiNext,ChiNext Index,49a0a4d1fd8f9616a69909cec22531a01219e391bfe1df73a5151c872292fed1
20220616.0,1495330.1523913762,ChiNext,ChiNext Index,49a0a4d1fd8f9616a69909cec22531a01219e391bfe1df73a5151c872292fed1
20220617.0,1525115.6333339768,ChiNext,ChiNext Index,49a0a4d1fd8f9616a69909cec22531a01219e391bfe1df73a5151c872292fed1
20220620.0,1515461.6514826957,ChiNext,ChiNext Index,49a0a4d1fd8f9616a69909cec22531a01219e391bfe1df73a5151c872292fed1
20220621.0,1506626.5101424519,ChiNext,ChiNext Index,49a0a4d1fd8f9616a69909cec22531a01219e391bfe1df73a5151c872292fed1
20220622.0,1553230.9877304635,ChiNext,ChiNext Index,49a0a4d1fd8f9616a69909cec22531a01219e391bfe1df73a5151c872292fed1
20220623.0,1589436.8020332921,ChiNext,ChiNext Index,49a0a4d1fd8f9616a69909cec22531a01219e391bfe1df73a5151c872292fed1
20220624.0,1592901.7741958736,ChiNext,ChiNext Index,49a0a4d1fd8f9616a69909cec22531a01219e391bfe1df73a5151c872292fed1
20220627.0,1598429.1435951628,ChiNext,ChiNext Index,49a0a4d1fd8f9616a69909cec22531a01219e391bfe1df73a5151c872292fed1
20220628.0,1558019.2563061926,ChiNext,ChiNext Index,49a0a4d1fd8f9616a69909cec22531a01219e391bfe1df73a5151c872292fed1
20220629.0,1581649.7347445549,ChiNext,ChiNext Index,49a0a4d1fd8f9616a69909cec22531a01219e391bfe1df73a5151c872292fed1
20220630.0,1565523.2335524557,ChiNext,ChiNext Index,49a0a4d1fd8f9616a69909cec22531a01219e391bfe1df73a5151c872292fed1
20220701.0,1595205.553859831,ChiNext,ChiNext Index,49a0a4d1fd8f9616a69909cec22531a01219e391bfe1df73a5151c872292fed1
20220704.0,1589826.5214180755,ChiNext,ChiNext Index,49a0a4d1fd8f9616a69909cec22531a01219e391bfe1df73a5151c872292fed1
20220705.0,1577212.837784477,ChiNext,ChiNext Index,49a0a4d1fd8f9616a69909cec22531a01219e391bfe1df73a5151c872292fed1
20220706.0,1603656.3881859174,ChiNext,ChiNext Index,49a0a4d1fd8f9616a69909cec22531a01219e391bfe1df73a5151c872292fed1
20220707.0,1585610.4430437346,ChiNext,ChiNext Index,49a0a4d1fd8f9616a69909cec22531a01219e391bfe1df73a5151c872292fed1
20220708.0,1557372.3063129187,ChiNext,ChiNext Index,49a0a4d1fd8f9616a69909cec22531a01219e391bfe1df73a5151c872292fed1
20220711.0,1520925.1224482302,ChiNext,ChiNext Index,49a0a4d1fd8f9616a69909cec22531a01219e391bfe1df73a5151c872292fed1
20220712.0,1545780.0802181216,ChiNext,ChiNext Index,49a0a4d1fd8f9616a69909cec22531a01219e391bfe1df73a5151c872292fed1
20220713.0,1586449.5544612505,ChiNext,ChiNext Index,49a0a4d1fd8f9616a69909cec22531a01219e391bfe1df73a5151c872292fed1
20220714.0,1553456.1627351972,ChiNext,ChiNext Index,49a0a4d1fd8f9616a69909cec22531a01219e391bfe1df73a5151c872292fed1
20220715.0,1575886.5170150246,ChiNext,ChiNext Index,49a0a4d1fd8f9616a69909cec22531a01219e391bfe1df73a5151c872292fed1
20220718.0,1548035.8739565148,ChiNext,ChiNext Index,49a0a4d1fd8f9616a69909cec22531a01219e391bfe1df73a5151c872292fed1
20220719.0,1556081.017010904,ChiNext,ChiNext Index,49a0a4d1fd8f9616a69909cec22531a01219e391bfe1df73a5151c872292fed1
20220720.0,1548345.7378653104,ChiNext,ChiNext Index,49a0a4d1fd8f9616a69909cec22531a01219e391bfe1df73a5151c872292fed1
20220721.0,1540410.466231522,ChiNext,ChiNext Index,49a0a4d1fd8f9616a69909cec22531a01219e391bfe1df73a5151c872292fed1
20220722.0,1522195.1126022085,ChiNext,ChiNext Index,49a0a4d1fd8f9616a69909cec22531a01219e391bfe1df73a5151c872292fed1
20220725.0,1526985.4604228972,ChiNext,ChiNext Index,49a0a4d1fd8f9616a69909cec22531a01219e391bfe1df73a5151c872292fed1
20220726.0,1527431.340204148,ChiNext,ChiNext Index,49a0a4d1fd8f9616a69909cec22531a01219e391bfe1df73a5151c872292fed1
20220727.0,1522732.961118994,ChiNext,ChiNext Index,49a0a4d1fd8f9616a69909cec22531a01219e391bfe1df73a5151c872292fed1
20220728.0,1502783.6369403081,ChiNext,ChiNext Index,49a0a4d1fd8f9616a69909cec22531a01219e391bfe1df73a5151c872292fed1
20220729.0,1538396.6031839235,ChiNext,ChiNext Index,49a0a4d1fd8f9616a69909cec22531a01219e391bfe1df73a5151c872292fed1
20220801.0,1507380.989065693,ChiNext,ChiNext Index,49a0a4d1fd8f9616a69909cec22531a01219e391bfe1df73a5151c872292fed1
20220802.0,1479354.2544447486,ChiNext,ChiNext Index,49a0a4d1fd8f9616a69909cec22531a01219e391bfe1df73a5151c872292fed1
20220803.0,1486083.8371439867,ChiNext,ChiNext Index,49a0a4d1fd8f9616a69909cec22531a01219e391bfe1df73a5151c872292fed1
20220804.0,1510183.6588660995,ChiNext,ChiNext Index,49a0a4d1fd8f9616a69909cec22531a01219e391bfe1df73a5151c872292fed1
20220805.0,1505728.6167578364,ChiNext,ChiNext Index,49a0a4d1fd8f9616a69909cec22531a01219e391bfe1df73a5151c872292fed1
20220808.0,1516485.542559506,ChiNext,ChiNext Index,49a0a4d1fd8f9616a69909cec22531a01219e391bfe1df73a5151c872292fed1
20220809.0,1496105.4930393924,ChiNext,ChiNext Index,49a0a4d1fd8f9616a69909cec22531a01219e391bfe1df73a5151c872292fed1
20220810.0,1531506.3416595208,ChiNext,ChiNext Index,49a0a4d1fd8f9616a69909cec22531a01219e391bfe1df73a5151c872292fed1
20220811.0,1514250.8589468799,ChiNext,ChiNext Index,49a0a4d1fd8f9616a69909cec22531a01219e391bfe1df73a5151c872292fed1
20220812.0,1529873.3852045278,ChiNext,ChiNext Index,49a0a4d1fd8f9616a69909cec22531a01219e391bfe1df73a5151c872292fed1
20220815.0,1537076.029285238,ChiNext,ChiNext Index,49a0a4d1fd8f9616a69909cec22531a01219e391bfe1df73a5151c872292fed1
20220816.0,1563253.9707403346,ChiNext,ChiNext Index,49a0a4d1fd8f9616a69909cec22531a01219e391bfe1df73a5151c872292fed1
20220817.0,1562078.4036424523,ChiNext,ChiNext Index,49a0a4d1fd8f9616a69909cec22531a01219e391bfe1df73a5151c872292fed1
20220818.0,1538665.9727827408,ChiNext,ChiNext Index,49a0a4d1fd8f9616a69909cec22531a01219e391bfe1df73a5151c872292fed1
20220819.0,1563875.4759610423,ChiNext,ChiNext Index,49a0a4d1fd8f9616a69909cec22531a01219e391bfe1df73a5151c872292fed1
20220822.0,1564601.1146383919,ChiNext,ChiNext Index,49a0a4d1fd8f9616a69909cec22531a01219e391bfe1df73a5151c872292fed1
20220823.0,1507618.341656924,ChiNext,ChiNext Index,49a0a4d1fd8f9616a69909cec22531a01219e391bfe1df73a5151c872292fed1
20220824.0,1501007.4352533016,ChiNext,ChiNext Index,49a0a4d1fd8f9616a69909cec22531a01219e391bfe1df73a5151c872292fed1
20220825.0,1485808.2337688715,ChiNext,ChiNext Index,49a0a4d1fd8f9616a69909cec22531a01219e391bfe1df73a5151c872292fed1
20220826.0,1480301.8290174778,ChiNext,ChiNext Index,49a0a4d1fd8f9616a69909cec22531a01219e391bfe1df73a5151c872292fed1
20220829.0,1469967.8420273243,ChiNext,ChiNext Index,49a0a4d1fd8f9616a69909cec22531a01219e391bfe1df73a5151c872292fed1
20220830.0,1446486.5753930183,ChiNext,ChiNext Index,49a0a4d1fd8f9616a69909cec22531a01219e391bfe1df73a5151c872292fed1
20220831.0,1425911.7507951937,ChiNext,ChiNext Index,49a0a4d1fd8f9616a69909cec22531a01219e391bfe1df73a5151c872292fed1
20220901.0,1425444.0513124324,ChiNext,ChiNext Index,49a0a4d1fd8f9616a69909cec22531a01219e391bfe1df73a5151c872292fed1
20220902.0,1428359.0844605253,ChiNext,ChiNext Index,49a0a4d1fd8f9616a69909cec22531a01219e391bfe1df73a5151c872292fed1
20220905.0,1429727.45229357,ChiNext,ChiNext Index,49a0a4d1fd8f9616a69909cec22531a01219e391bfe1df73a5151c872292fed1
20220906.0,1446702.6060743688,ChiNext,ChiNext Index,49a0a4d1fd8f9616a69909cec22531a01219e391bfe1df73a5151c872292fed1
20220907.0,1419806.9579497061,ChiNext,ChiNext Index,49a0a4d1fd8f9616a69909cec22531a01219e391bfe1df73a5151c872292fed1
20220908.0,1433993.6690721938,ChiNext,ChiNext Index,49a0a4d1fd8f9616a69909cec22531a01219e391bfe1df73a5151c872292fed1
20220909.0,1435350.2274668252,ChiNext,ChiNext Index,49a0a4d1fd8f9616a69909cec22531a01219e391bfe1df73a5151c872292fed1
20220913.0,1409012.9857625894,ChiNext,ChiNext Index,49a0a4d1fd8f9616a69909cec22531a01219e391bfe1df73a5151c872292fed1
20220914.0,1364199.3279136075,ChiNext,ChiNext Index,49a0a4d1fd8f9616a69909cec22531a01219e391bfe1df73a5151c872292fed1
20220915.0,1332238.866685337,ChiNext,ChiNext Index,49a0a4d1fd8f9616a69909cec22531a01219e391bfe1df73a5151c872292fed1
20220916.0,1322660.069183813,ChiNext,ChiNext Index,49a0a4d1fd8f9616a69909cec22531a01219e391bfe1df73a5151c872292fed1
20220919.0,1331961.0148359006,ChiNext,ChiNext Index,49a0a4d1fd8f9616a69909cec22531a01219e391bfe1df73a5151c872292fed1
20220920.0,1312046.8656232336,ChiNext,ChiNext Index,49a0a4d1fd8f9616a69909cec22531a01219e391bfe1df73a5151c872292fed1
20220921.0,1305239.9658884278,ChiNext,ChiNext Index,49a0a4d1fd8f9616a69909cec22531a01219e391bfe1df73a5151c872292fed1
20220922.0,1296509.2163022717,ChiNext,ChiNext Index,49a0a4d1fd8f9616a69909cec22531a01219e391bfe1df73a5151c872292fed1
20220923.0,1307284.5039844664,ChiNext,ChiNext Index,49a0a4d1fd8f9616a69909cec22531a01219e391bfe1df73a5151c872292fed1
20220926.0,1336370.276938169,ChiNext,ChiNext Index,49a0a4d1fd8f9616a69909cec22531a01219e391bfe1df73a5151c872292fed1
20220927.0,1302061.6425331347,ChiNext,ChiNext Index,49a0a4d1fd8f9616a69909cec22531a01219e391bfe1df73a5151c872292fed1
20220928.0,1312880.4736227477,ChiNext,ChiNext Index,49a0a4d1fd8f9616a69909cec22531a01219e391bfe1df73a5151c872292fed1
20220929.0,1288105.1061038799,ChiNext,ChiNext Index,49a0a4d1fd8f9616a69909cec22531a01219e391bfe1df73a5151c872292fed1
20220930.0,1258434.8931181794,ChiNext,ChiNext Index,49a0a4d1fd8f9616a69909cec22531a01219e391bfe1df73a5151c872292fed1
20221010.0,1272867.8824436504,ChiNext,ChiNext Index,49a0a4d1fd8f9616a69909cec22531a01219e391bfe1df73a5151c872292fed1
20221011.0,1318679.6708999975,ChiNext,ChiNext Index,49a0a4d1fd8f9616a69909cec22531a01219e391bfe1df73a5151c872292fed1
20221012.0,1322836.1488705028,ChiNext,ChiNext Index,49a0a4d1fd8f9616a69909cec22531a01219e391bfe1df73a5151c872292fed1
20221013.0,1369844.4542279467,ChiNext,ChiNext Index,49a0a4d1fd8f9616a69909cec22531a01219e391bfe1df73a5151c872292fed1
20221014.0,1370296.5024688998,ChiNext,ChiNext Index,49a0a4d1fd8f9616a69909cec22531a01219e391bfe1df73a5151c872292fed1
20221017.0,1376995.8821805473,ChiNext,ChiNext Index,49a0a4d1fd8f9616a69909cec22531a01219e391bfe1df73a5151c872292fed1
20221018.0,1365195.0279519006,ChiNext,ChiNext Index,49a0a4d1fd8f9616a69909cec22531a01219e391bfe1df73a5151c872292fed1
20221019.0,1351553.9993790884,ChiNext,ChiNext Index,49a0a4d1fd8f9616a69909cec22531a01219e391bfe1df73a5151c872292fed1
20221020.0,1347862.9051211372,ChiNext,ChiNext Index,49a0a4d1fd8f9616a69909cec22531a01219e391bfe1df73a5151c872292fed1
20221021.0,1315045.1388345407,ChiNext,ChiNext Index,49a0a4d1fd8f9616a69909cec22531a01219e391bfe1df73a5151c872292fed1
20221024.0,1302502.23859766,ChiNext,ChiNext Index,49a0a4d1fd8f9616a69909cec22531a01219e391bfe1df73a5151c872292fed1
20221025.0,1335323.9921655236,ChiNext,ChiNext Index,49a0a4d1fd8f9616a69909cec22531a01219e391bfe1df73a5151c872292fed1
20221026.0,1315276.7732547207,ChiNext,ChiNext Index,49a0a4d1fd8f9616a69909cec22531a01219e391bfe1df73a5151c872292fed1
20221027.0,1266462.9064005506,ChiNext,ChiNext Index,49a0a4d1fd8f9616a69909cec22531a01219e391bfe1df73a5151c872292fed1
20221028.0,1274660.7210592716,ChiNext,ChiNext Index,49a0a4d1fd8f9616a69909cec22531a01219e391bfe1df73a5151c872292fed1
20221031.0,1315502.1254059793,ChiNext,ChiNext Index,49a0a4d1fd8f9616a69909cec22531a01219e391bfe1df73a5151c872292fed1
20221101.0,1337004.007248353,ChiNext,ChiNext Index,49a0a4d1fd8f9616a69909cec22531a01219e391bfe1df73a5151c872292fed1
20221102.0,1337116.315175898,ChiNext,ChiNext Index,49a0a4d1fd8f9616a69909cec22531a01219e391bfe1df73a5151c872292fed1
20221103.0,1379413.315689777,ChiNext,ChiNext Index,49a0a4d1fd8f9616a69909cec22531a01219e391bfe1df73a5151c872292fed1
20221104.0,1381366.5649366626,ChiNext,ChiNext Index,49a0a4d1fd8f9616a69909cec22531a01219e391bfe1df73a5151c872292fed1
20221107.0,1368822.3751918415,ChiNext,ChiNext Index,49a0a4d1fd8f9616a69909cec22531a01219e391bfe1df73a5151c872292fed1
20221108.0,1350214.6044044173,ChiNext,ChiNext Index,49a0a4d1fd8f9616a69909cec22531a01219e391bfe1df73a5151c872292fed1
20221109.0,1326461.6286495973,ChiNext,ChiNext Index,49a0a4d1fd8f9616a69909cec22531a01219e391bfe1df73a5151c872292fed1
20221110.0,1353581.1365402737,ChiNext,ChiNext Index,49a0a4d1fd8f9616a69909cec22531a01219e391bfe1df73a5151c872292fed1
20221111.0,1336635.654307492,ChiNext,ChiNext Index,49a0a4d1fd8f9616a69909cec22531a01219e391bfe1df73a5151c872292fed1
20221114.0,1368444.90959625,ChiNext,ChiNext Index,49a0a4d1fd8f9616a69909cec22531a01219e391bfe1df73a5151c872292fed1
20221115.0,1352221.9951711798,ChiNext,ChiNext Index,49a0a4d1fd8f9616a69909cec22531a01219e391bfe1df73a5151c872292fed1
20221116.0,1342630.6845933723,ChiNext,ChiNext Index,49a0a4d1fd8f9616a69909cec22531a01219e391bfe1df73a5151c872292fed1
20221117.0,1344824.5433544603,ChiNext,ChiNext Index,49a0a4d1fd8f9616a69909cec22531a01219e391bfe1df73a5151c872292fed1
20221118.0,1343438.029383585,ChiNext,ChiNext Index,49a0a4d1fd8f9616a69909cec22531a01219e391bfe1df73a5151c872292fed1
20221121.0,1318822.2144734308,ChiNext,ChiNext Index,49a0a4d1fd8f9616a69909cec22531a01219e391bfe1df73a5151c872292fed1
20221122.0,1317011.4711934535,ChiNext,ChiNext Index,49a0a4d1fd8f9616a69909cec22531a01219e391bfe1df73a5151c872292fed1
20221123.0,1314303.695520348,ChiNext,ChiNext Index,49a0a4d1fd8f9616a69909cec22531a01219e391bfe1df73a5151c872292fed1
20221124.0,1299579.5515321374,ChiNext,ChiNext Index,49a0a4d1fd8f9616a69909cec22531a01219e391bfe1df73a5151c872292fed1
20221125.0,1293637.8740187597,ChiNext,ChiNext Index,49a0a4d1fd8f9616a69909cec22531a01219e391bfe1df73a5151c872292fed1
20221128.0,1316706.0240720233,ChiNext,ChiNext Index,49a0a4d1fd8f9616a69909cec22531a01219e391bfe1df73a5151c872292fed1
20221129.0,1319812.1339930133,ChiNext,ChiNext Index,49a0a4d1fd8f9616a69909cec22531a01219e391bfe1df73a5151c872292fed1
20221130.0,1339997.340149884,ChiNext,ChiNext Index,49a0a4d1fd8f9616a69909cec22531a01219e391bfe1df73a5151c872292fed1
20221201.0,1341200.6578940856,ChiNext,ChiNext Index,49a0a4d1fd8f9616a69909cec22531a01219e391bfe1df73a5151c872292fed1
20221202.0,1337704.1477122856,ChiNext,ChiNext Index,49a0a4d1fd8f9616a69909cec22531a01219e391bfe1df73a5151c872292fed1
20221205.0,1346805.8866546154,ChiNext,ChiNext Index,49a0a4d1fd8f9616a69909cec22531a01219e391bfe1df73a5151c872292fed1
20221206.0,1358490.7752263634,ChiNext,ChiNext Index,49a0a4d1fd8f9616a69909cec22531a01219e391bfe1df73a5151c872292fed1
20221207.0,1357234.1710159008,ChiNext,ChiNext Index,49a0a4d1fd8f9616a69909cec22531a01219e391bfe1df73a5151c872292fed1
20221208.0,1362196.2193424385,ChiNext,ChiNext Index,49a0a4d1fd8f9616a69909cec22531a01219e391bfe1df73a5151c872292fed1
20221209.0,1351444.4040695517,ChiNext,ChiNext Index,49a0a4d1fd8f9616a69909cec22531a01219e391bfe1df73a5151c872292fed1
20221212.0,1337197.4779734428,ChiNext,ChiNext Index,49a0a4d1fd8f9616a69909cec22531a01219e391bfe1df73a5151c872292fed1
20221213.0,1332624.262309421,ChiNext,ChiNext Index,49a0a4d1fd8f9616a69909cec22531a01219e391bfe1df73a5151c872292fed1
20221214.0,1350094.9661734852,ChiNext,ChiNext Index,49a0a4d1fd8f9616a69909cec22531a01219e391bfe1df73a5151c872292fed1
20221215.0,1335801.5109098232,ChiNext,ChiNext Index,49a0a4d1fd8f9616a69909cec22531a01219e391bfe1df73a5151c872292fed1
20221216.0,1320592.074512792,ChiNext,ChiNext Index,49a0a4d1fd8f9616a69909cec22531a01219e391bfe1df73a5151c872292fed1
20221219.0,1300390.9776199295,ChiNext,ChiNext Index,49a0a4d1fd8f9616a69909cec22531a01219e391bfe1df73a5151c872292fed1
20221220.0,1296397.4774208246,ChiNext,ChiNext Index,49a0a4d1fd8f9616a69909cec22531a01219e391bfe1df73a5151c872292fed1
20221221.0,1291679.8863497572,ChiNext,ChiNext Index,49a0a4d1fd8f9616a69909cec22531a01219e391bfe1df73a5151c872292fed1
20221222.0,1286540.2926717098,ChiNext,ChiNext Index,49a0a4d1fd8f9616a69909cec22531a01219e391bfe1df73a5151c872292fed1
20221223.0,1311989.3464436487,ChiNext,ChiNext Index,49a0a4d1fd8f9616a69909cec22531a01219e391bfe1df73a5151c872292fed1
20221226.0,1327797.5054349147,ChiNext,ChiNext Index,49a0a4d1fd8f9616a69909cec22531a01219e391bfe1df73a5151c872292fed1
20221227.0,1315843.3442495968,ChiNext,ChiNext Index,49a0a4d1fd8f9616a69909cec22531a01219e391bfe1df73a5151c872292fed1
20221228.0,1322104.126980402,ChiNext,ChiNext Index,49a0a4d1fd8f9616a69909cec22531a01219e391bfe1df73a5151c872292fed1
20221229.0,1320632.6252325578,ChiNext,ChiNext Index,49a0a4d1fd8f9616a69909cec22531a01219e391bfe1df73a5151c872292fed1
20221230.0,1326067.0283337613,ChiNext,ChiNext Index,49a0a4d1fd8f9616a69909cec22531a01219e391bfe1df73a5151c872292fed1
20230103.0,1314079.3824967467,ChiNext,ChiNext Index,49a0a4d1fd8f9616a69909cec22531a01219e391bfe1df73a5151c872292fed1
20230104.0,1350283.5836775932,ChiNext,ChiNext Index,49a0a4d1fd8f9616a69909cec22531a01219e391bfe1df73a5151c872292fed1
20230105.0,1363047.8141468763,ChiNext,ChiNext Index,49a0a4d1fd8f9616a69909cec22531a01219e391bfe1df73a5151c872292fed1
20230106.0,1373303.3865847264,ChiNext,ChiNext Index,49a0a4d1fd8f9616a69909cec22531a01219e391bfe1df73a5151c872292fed1
20230109.0,1392232.9999487207,ChiNext,ChiNext Index,49a0a4d1fd8f9616a69909cec22531a01219e391bfe1df73a5151c872292fed1
20230110.0,1376457.608116245,ChiNext,ChiNext Index,49a0a4d1fd8f9616a69909cec22531a01219e391bfe1df73a5151c872292fed1
20230111.0,1383505.0708519197,ChiNext,ChiNext Index,49a0a4d1fd8f9616a69909cec22531a01219e391bfe1df73a5151c872292fed1
20230112.0,1402994.50681889,ChiNext,ChiNext Index,49a0a4d1fd8f9616a69909cec22531a01219e391bfe1df73a5151c872292fed1
20230113.0,1429104.234986341,ChiNext,ChiNext Index,49a0a4d1fd8f9616a69909cec22531a01219e391bfe1df73a5151c872292fed1
20230116.0,1432499.786493904,ChiNext,ChiNext Index,49a0a4d1fd8f9616a69909cec22531a01219e391bfe1df73a5151c872292fed1
20230117.0,1431567.2288002896,ChiNext,ChiNext Index,49a0a4d1fd8f9616a69909cec22531a01219e391bfe1df73a5151c872292fed1
20230118.0,1447065.3754359514,ChiNext,ChiNext Index,49a0a4d1fd8f9616a69909cec22531a01219e391bfe1df73a5151c872292fed1
20230119.0,1455239.8483185556,ChiNext,ChiNext Index,49a0a4d1fd8f9616a69909cec22531a01219e391bfe1df73a5151c872292fed1
20230120.0,1470953.527843938,ChiNext,ChiNext Index,49a0a4d1fd8f9616a69909cec22531a01219e391bfe1df73a5151c872292fed1
20230130.0,1452357.733744997,ChiNext,ChiNext Index,49a0a4d1fd8f9616a69909cec22531a01219e391bfe1df73a5151c872292fed1
20230131.0,1470843.3427057501,ChiNext,ChiNext Index,49a0a4d1fd8f9616a69909cec22531a01219e391bfe1df73a5151c872292fed1
20230201.0,1464443.7028305815,ChiNext,ChiNext Index,49a0a4d1fd8f9616a69909cec22531a01219e391bfe1df73a5151c872292fed1
20230202.0,1451947.6049033809,ChiNext,ChiNext Index,49a0a4d1fd8f9616a69909cec22531a01219e391bfe1df73a5151c872292fed1
20230203.0,1431676.9646394714,ChiNext,ChiNext Index,49a0a4d1fd8f9616a69909cec22531a01219e391bfe1df73a5151c872292fed1
20230206.0,1428232.349482517,ChiNext,ChiNext Index,49a0a4d1fd8f9616a69909cec22531a01219e391bfe1df73a5151c872292fed1
20230207.0,1421428.2514338042,ChiNext,ChiNext Index,49a0a4d1fd8f9616a69909cec22531a01219e391bfe1df73a5151c872292fed1
20230208.0,1446108.5100723216,ChiNext,ChiNext Index,49a0a4d1fd8f9616a69909cec22531a01219e391bfe1df73a5151c872292fed1
20230209.0,1432277.9277908646,ChiNext,ChiNext Index,49a0a4d1fd8f9616a69909cec22531a01219e391bfe1df73a5151c872292fed1
20230210.0,1448048.740534131,ChiNext,ChiNext Index,49a0a4d1fd8f9616a69909cec22531a01219e391bfe1df73a5151c872292fed1
20230213.0,1443532.2760848731,ChiNext,ChiNext Index,49a0a4d1fd8f9616a69909cec22531a01219e391bfe1df73a5151c872292fed1
20230214.0,1433426.1064526392,ChiNext,ChiNext Index,49a0a4d1fd8f9616a69909cec22531a01219e391bfe1df73a5151c872292fed1
20230215.0,1413899.9764139792,ChiNext,ChiNext Index,49a0a4d1fd8f9616a69909cec22531a01219e391bfe1df73a5151c872292fed1
20230216.0,1378363.0139465025,ChiNext,ChiNext Index,49a0a4d1fd8f9616a69909cec22531a01219e391bfe1df73a5151c872292fed1
20230217.0,1396057.0599920421,ChiNext,ChiNext Index,49a0a4d1fd8f9616a69909cec22531a01219e391bfe1df73a5151c872292fed1
20230220.0,1389873.923848719,ChiNext,ChiNext Index,49a0a4d1fd8f9616a69909cec22531a01219e391bfe1df73a5151c872292fed1
20230221.0,1379795.9482239385,ChiNext,ChiNext Index,49a0a4d1fd8f9616a69909cec22531a01219e391bfe1df73a5151c872292fed1
20230222.0,1382939.123333638,ChiNext,ChiNext Index,49a0a4d1fd8f9616a69909cec22531a01219e391bfe1df73a5151c872292fed1
20230223.0,1366874.9025050846,ChiNext,ChiNext Index,49a0a4d1fd8f9616a69909cec22531a01219e391bfe1df73a5151c872292fed1
20230224.0,1356102.5609972093,ChiNext,ChiNext Index,49a0a4d1fd8f9616a69909cec22531a01219e391bfe1df73a5151c872292fed1
20230227.0,1366925.6158933374,ChiNext,ChiNext Index,49a0a4d1fd8f9616a69909cec22531a01219e391bfe1df73a5151c872292fed1
20230228.0,1375321.2725408264,ChiNext,ChiNext Index,49a0a4d1fd8f9616a69909cec22531a01219e391bfe1df73a5151c872292fed1
20230301.0,1361056.4407907159,ChiNext,ChiNext Index,49a0a4d1fd8f9616a69909cec22531a01219e391bfe1df73a5151c872292fed1
20230302.0,1363216.4368555692,ChiNext,ChiNext Index,49a0a4d1fd8f9616a69909cec22531a01219e391bfe1df73a5151c872292fed1
20171206.0,1000000.0,ChiNext,Baseline portfolio,49a0a4d1fd8f9616a69909cec22531a01219e391bfe1df73a5151c872292fed1
20171207.0,998297.6463714385,ChiNext,Baseline portfolio,49a0a4d1fd8f9616a69909cec22531a01219e391bfe1df73a5151c872292fed1
20171208.0,1021015.4088325498,ChiNext,Baseline portfolio,49a0a4d1fd8f9616a69909cec22531a01219e391bfe1df73a5151c872292fed1
20171211.0,1002561.1159449688,ChiNext,Baseline portfolio,49a0a4d1fd8f9616a69909cec22531a01219e391bfe1df73a5151c872292fed1
20171212.0,1003717.1616556444,ChiNext,Baseline portfolio,49a0a4d1fd8f9616a69909cec22531a01219e391bfe1df73a5151c872292fed1
20171213.0,1001011.7867413448,ChiNext,Baseline portfolio,49a0a4d1fd8f9616a69909cec22531a01219e391bfe1df73a5151c872292fed1
20171214.0,987554.9583609258,ChiNext,Baseline portfolio,49a0a4d1fd8f9616a69909cec22531a01219e391bfe1df73a5151c872292fed1
20171215.0,980373.8549521419,ChiNext,Baseline portfolio,49a0a4d1fd8f9616a69909cec22531a01219e391bfe1df73a5151c872292fed1
20171218.0,1008915.849137721,ChiNext,Baseline portfolio,49a0a4d1fd8f9616a69909cec22531a01219e391bfe1df73a5151c872292fed1
20171219.0,995436.4614336294,ChiNext,Baseline portfolio,49a0a4d1fd8f9616a69909cec22531a01219e391bfe1df73a5151c872292fed1
20171220.0,1013820.0388241005,ChiNext,Baseline portfolio,49a0a4d1fd8f9616a69909cec22531a01219e391bfe1df73a5151c872292fed1
20171221.0,1005547.5005468178,ChiNext,Baseline portfolio,49a0a4d1fd8f9616a69909cec22531a01219e391bfe1df73a5151c872292fed1
20171222.0,982508.5197522679,ChiNext,Baseline portfolio,49a0a4d1fd8f9616a69909cec22531a01219e391bfe1df73a5151c872292fed1
20171225.0,993897.6073458475,ChiNext,Baseline portfolio,49a0a4d1fd8f9616a69909cec22531a01219e391bfe1df73a5151c872292fed1
20171226.0,991773.0918285471,ChiNext,Baseline portfolio,49a0a4d1fd8f9616a69909cec22531a01219e391bfe1df73a5151c872292fed1
20171227.0,995875.6319275122,ChiNext,Baseline portfolio,49a0a4d1fd8f9616a69909cec22531a01219e391bfe1df73a5151c872292fed1
20171228.0,1004646.4704698949,ChiNext,Baseline portfolio,49a0a4d1fd8f9616a69909cec22531a01219e391bfe1df73a5151c872292fed1
20171229.0,1012085.3867696209,ChiNext,Baseline portfolio,49a0a4d1fd8f9616a69909cec22531a01219e391bfe1df73a5151c872292fed1
20180102.0,1026068.0441485288,ChiNext,Baseline portfolio,49a0a4d1fd8f9616a69909cec22531a01219e391bfe1df73a5151c872292fed1
20180103.0,1056892.86490184,ChiNext,Baseline portfolio,49a0a4d1fd8f9616a69909cec22531a01219e391bfe1df73a5151c872292fed1
20180104.0,1063162.5529399037,ChiNext,Baseline portfolio,49a0a4d1fd8f9616a69909cec22531a01219e391bfe1df73a5151c872292fed1
20180105.0,1072835.290278289,ChiNext,Baseline portfolio,49a0a4d1fd8f9616a69909cec22531a01219e391bfe1df73a5151c872292fed1
20180108.0,1077058.8315196491,ChiNext,Baseline portfolio,49a0a4d1fd8f9616a69909cec22531a01219e391bfe1df73a5151c872292fed1
20180109.0,1070595.8699604252,ChiNext,Baseline portfolio,49a0a4d1fd8f9616a69909cec22531a01219e391bfe1df73a5151c872292fed1
20180110.0,1075051.3476389002,ChiNext,Baseline portfolio,49a0a4d1fd8f9616a69909cec22531a01219e391bfe1df73a5151c872292fed1
20180111.0,1076303.4959427111,ChiNext,Baseline portfolio,49a0a4d1fd8f9616a69909cec22531a01219e391bfe1df73a5151c872292fed1
20180112.0,1064863.6974177512,ChiNext,Baseline portfolio,49a0a4d1fd8f9616a69909cec22531a01219e391bfe1df73a5151c872292fed1
20180115.0,1051186.9104611794,ChiNext,Baseline portfolio,49a0a4d1fd8f9616a69909cec22531a01219e391bfe1df73a5151c872292fed1
20180116.0,1065744.6522675839,ChiNext,Baseline portfolio,49a0a4d1fd8f9616a69909cec22531a01219e391bfe1df73a5151c872292fed1
20180117.0,1067668.823058702,ChiNext,Baseline portfolio,49a0a4d1fd8f9616a69909cec22531a01219e391bfe1df73a5151c872292fed1
20180118.0,1066456.481431921,ChiNext,Baseline portfolio,49a0a4d1fd8f9616a69909cec22531a01219e391bfe1df73a5151c872292fed1
20180119.0,1087233.0811229716,ChiNext,Baseline portfolio,49a0a4d1fd8f9616a69909cec22531a01219e391bfe1df73a5151c872292fed1
20180122.0,1072761.6102481722,ChiNext,Baseline portfolio,49a0a4d1fd8f9616a69909cec22531a01219e391bfe1df73a5151c872292fed1
20180123.0,1099374.743532842,ChiNext,Baseline portfolio,49a0a4d1fd8f9616a69909cec22531a01219e391bfe1df73a5151c872292fed1
20180124.0,1101372.4255575698,ChiNext,Baseline portfolio,49a0a4d1fd8f9616a69909cec22531a01219e391bfe1df73a5151c872292fed1
20180125.0,1104566.9314876765,ChiNext,Baseline portfolio,49a0a4d1fd8f9616a69909cec22531a01219e391bfe1df73a5151c872292fed1
20180126.0,1091363.858393759,ChiNext,Baseline portfolio,49a0a4d1fd8f9616a69909cec22531a01219e391bfe1df73a5151c872292fed1
20180129.0,1088250.9591371836,ChiNext,Baseline portfolio,49a0a4d1fd8f9616a69909cec22531a01219e391bfe1df73a5151c872292fed1
20180130.0,1072596.4911733386,ChiNext,Baseline portfolio,49a0a4d1fd8f9616a69909cec22531a01219e391bfe1df73a5151c872292fed1
20180131.0,1041738.0308475685,ChiNext,Baseline portfolio,49a0a4d1fd8f9616a69909cec22531a01219e391bfe1df73a5151c872292fed1
20180201.0,1059048.8621335502,ChiNext,Baseline portfolio,49a0a4d1fd8f9616a69909cec22531a01219e391bfe1df73a5151c872292fed1
20180202.0,1037579.2493745522,ChiNext,Baseline portfolio,49a0a4d1fd8f9616a69909cec22531a01219e391bfe1df73a5151c872292fed1
20180205.0,1015301.2661899212,ChiNext,Baseline portfolio,49a0a4d1fd8f9616a69909cec22531a01219e391bfe1df73a5151c872292fed1
20180206.0,1025405.7547820883,ChiNext,Baseline portfolio,49a0a4d1fd8f9616a69909cec22531a01219e391bfe1df73a5151c872292fed1
20180207.0,1051419.2886078318,ChiNext,Baseline portfolio,49a0a4d1fd8f9616a69909cec22531a01219e391bfe1df73a5151c872292fed1
20180208.0,1039115.1340631208,ChiNext,Baseline portfolio,49a0a4d1fd8f9616a69909cec22531a01219e391bfe1df73a5151c872292fed1
20180209.0,1072307.1163769728,ChiNext,Baseline portfolio,49a0a4d1fd8f9616a69909cec22531a01219e391bfe1df73a5151c872292fed1
20180212.0,1096014.3298984552,ChiNext,Baseline portfolio,49a0a4d1fd8f9616a69909cec22531a01219e391bfe1df73a5151c872292fed1
20180213.0,1102124.0969830654,ChiNext,Baseline portfolio,49a0a4d1fd8f9616a69909cec22531a01219e391bfe1df73a5151c872292fed1
20180214.0,1143898.366565163,ChiNext,Baseline portfolio,49a0a4d1fd8f9616a69909cec22531a01219e391bfe1df73a5151c872292fed1
20180222.0,1147808.91325918,ChiNext,Baseline portfolio,49a0a4d1fd8f9616a69909cec22531a01219e391bfe1df73a5151c872292fed1
20180223.0,1173331.2507703535,ChiNext,Baseline portfolio,49a0a4d1fd8f9616a69909cec22531a01219e391bfe1df73a5151c872292fed1
20180226.0,1188259.498273678,ChiNext,Baseline portfolio,49a0a4d1fd8f9616a69909cec22531a01219e391bfe1df73a5151c872292fed1
20180227.0,1195110.4526451847,ChiNext,Baseline portfolio,49a0a4d1fd8f9616a69909cec22531a01219e391bfe1df73a5151c872292fed1
20180228.0,1218286.1146117647,ChiNext,Baseline portfolio,49a0a4d1fd8f9616a69909cec22531a01219e391bfe1df73a5151c872292fed1
20180301.0,1212492.5812439842,ChiNext,Baseline portfolio,49a0a4d1fd8f9616a69909cec22531a01219e391bfe1df73a5151c872292fed1
20180302.0,1233671.9854633897,ChiNext,Baseline portfolio,49a0a4d1fd8f9616a69909cec22531a01219e391bfe1df73a5151c872292fed1
20180305.0,1238276.747279518,ChiNext,Baseline portfolio,49a0a4d1fd8f9616a69909cec22531a01219e391bfe1df73a5151c872292fed1
20180306.0,1232435.9541339253,ChiNext,Baseline portfolio,49a0a4d1fd8f9616a69909cec22531a01219e391bfe1df73a5151c872292fed1
20180307.0,1232147.028245027,ChiNext,Baseline portfolio,49a0a4d1fd8f9616a69909cec22531a01219e391bfe1df73a5151c872292fed1
20180308.0,1295120.74331156,ChiNext,Baseline portfolio,49a0a4d1fd8f9616a69909cec22531a01219e391bfe1df73a5151c872292fed1
20180309.0,1308421.0012224643,ChiNext,Baseline portfolio,49a0a4d1fd8f9616a69909cec22531a01219e391bfe1df73a5151c872292fed1
20180312.0,1306874.4689718916,ChiNext,Baseline portfolio,49a0a4d1fd8f9616a69909cec22531a01219e391bfe1df73a5151c872292fed1
20180313.0,1285147.3752377254,ChiNext,Baseline portfolio,49a0a4d1fd8f9616a69909cec22531a01219e391bfe1df73a5151c872292fed1
20180314.0,1290199.775151009,ChiNext,Baseline portfolio,49a0a4d1fd8f9616a69909cec22531a01219e391bfe1df73a5151c872292fed1
20180315.0,1266021.633365444,ChiNext,Baseline portfolio,49a0a4d1fd8f9616a69909cec22531a01219e391bfe1df73a5151c872292fed1
20180316.0,1299372.121783469,ChiNext,Baseline portfolio,49a0a4d1fd8f9616a69909cec22531a01219e391bfe1df73a5151c872292fed1
20180319.0,1318811.285212636,ChiNext,Baseline portfolio,49a0a4d1fd8f9616a69909cec22531a01219e391bfe1df73a5151c872292fed1
20180320.0,1305662.4764953628,ChiNext,Baseline portfolio,49a0a4d1fd8f9616a69909cec22531a01219e391bfe1df73a5151c872292fed1
20180321.0,1291978.5967399823,ChiNext,Baseline portfolio,49a0a4d1fd8f9616a69909cec22531a01219e391bfe1df73a5151c872292fed1
20180322.0,1217213.9415029862,ChiNext,Baseline portfolio,49a0a4d1fd8f9616a69909cec22531a01219e391bfe1df73a5151c872292fed1
20180323.0,1284110.7295864215,ChiNext,Baseline portfolio,49a0a4d1fd8f9616a69909cec22531a01219e391bfe1df73a5151c872292fed1
20180326.0,1326119.5440945975,ChiNext,Baseline portfolio,49a0a4d1fd8f9616a69909cec22531a01219e391bfe1df73a5151c872292fed1
20180327.0,1322898.3408426053,ChiNext,Baseline portfolio,49a0a4d1fd8f9616a69909cec22531a01219e391bfe1df73a5151c872292fed1
20180328.0,1329968.5558952782,ChiNext,Baseline portfolio,49a0a4d1fd8f9616a69909cec22531a01219e391bfe1df73a5151c872292fed1
20180329.0,1391650.9565966625,ChiNext,Baseline portfolio,49a0a4d1fd8f9616a69909cec22531a01219e391bfe1df73a5151c872292fed1
20180330.0,1416710.9558118205,ChiNext,Baseline portfolio,49a0a4d1fd8f9616a69909cec22531a01219e391bfe1df73a5151c872292fed1
20180402.0,1410095.2335151748,ChiNext,Baseline portfolio,49a0a4d1fd8f9616a69909cec22531a01219e391bfe1df73a5151c872292fed1
20180403.0,1389787.3019384616,ChiNext,Baseline portfolio,49a0a4d1fd8f9616a69909cec22531a01219e391bfe1df73a5151c872292fed1
20180404.0,1386264.6432305486,ChiNext,Baseline portfolio,49a0a4d1fd8f9616a69909cec22531a01219e391bfe1df73a5151c872292fed1
20180409.0,1389063.438546281,ChiNext,Baseline portfolio,49a0a4d1fd8f9616a69909cec22531a01219e391bfe1df73a5151c872292fed1
20180410.0,1390614.0299219848,ChiNext,Baseline portfolio,49a0a4d1fd8f9616a69909cec22531a01219e391bfe1df73a5151c872292fed1
20180411.0,1386747.782223806,ChiNext,Baseline portfolio,49a0a4d1fd8f9616a69909cec22531a01219e391bfe1df73a5151c872292fed1
20180412.0,1397774.8731878647,ChiNext,Baseline portfolio,49a0a4d1fd8f9616a69909cec22531a01219e391bfe1df73a5151c872292fed1
20180413.0,1423855.014318014,ChiNext,Baseline portfolio,49a0a4d1fd8f9616a69909cec22531a01219e391bfe1df73a5151c872292fed1
20180416.0,1367313.2628782357,ChiNext,Baseline portfolio,49a0a4d1fd8f9616a69909cec22531a01219e391bfe1df73a5151c872292fed1
20180417.0,1394001.2735837384,ChiNext,Baseline portfolio,49a0a4d1fd8f9616a69909cec22531a01219e391bfe1df73a5151c872292fed1
20180418.0,1389717.978683052,ChiNext,Baseline portfolio,49a0a4d1fd8f9616a69909cec22531a01219e391bfe1df73a5151c872292fed1
20180419.0,1352747.4718608623,ChiNext,Baseline portfolio,49a0a4d1fd8f9616a69909cec22531a01219e391bfe1df73a5151c872292fed1
20180420.0,1341112.0243967508,ChiNext,Baseline portfolio,49a0a4d1fd8f9616a69909cec22531a01219e391bfe1df73a5151c872292fed1
20180423.0,1382840.0336993926,ChiNext,Baseline portfolio,49a0a4d1fd8f9616a69909cec22531a01219e391bfe1df73a5151c872292fed1
20180424.0,1394060.7718686503,ChiNext,Baseline portfolio,49a0a4d1fd8f9616a69909cec22531a01219e391bfe1df73a5151c872292fed1
20180425.0,1375348.368339171,ChiNext,Baseline portfolio,49a0a4d1fd8f9616a69909cec22531a01219e391bfe1df73a5151c872292fed1
20180426.0,1393284.6096413727,ChiNext,Baseline portfolio,49a0a4d1fd8f9616a69909cec22531a01219e391bfe1df73a5151c872292fed1
20180427.0,1401586.7353611547,ChiNext,Baseline portfolio,49a0a4d1fd8f9616a69909cec22531a01219e391bfe1df73a5151c872292fed1
20180502.0,1411678.7613980062,ChiNext,Baseline portfolio,49a0a4d1fd8f9616a69909cec22531a01219e391bfe1df73a5151c872292fed1
20180503.0,1412578.7178683167,ChiNext,Baseline portfolio,49a0a4d1fd8f9616a69909cec22531a01219e391bfe1df73a5151c872292fed1
20180504.0,1450679.2617487686,ChiNext,Baseline portfolio,49a0a4d1fd8f9616a69909cec22531a01219e391bfe1df73a5151c872292fed1
20180507.0,1436905.8726019524,ChiNext,Baseline portfolio,49a0a4d1fd8f9616a69909cec22531a01219e391bfe1df73a5151c872292fed1
20180508.0,1433265.4838556042,ChiNext,Baseline portfolio,49a0a4d1fd8f9616a69909cec22531a01219e391bfe1df73a5151c872292fed1
20180509.0,1431454.1919014484,ChiNext,Baseline portfolio,49a0a4d1fd8f9616a69909cec22531a01219e391bfe1df73a5151c872292fed1
20180510.0,1419059.7580910227,ChiNext,Baseline portfolio,49a0a4d1fd8f9616a69909cec22531a01219e391bfe1df73a5151c872292fed1
20180511.0,1411245.5375087527,ChiNext,Baseline portfolio,49a0a4d1fd8f9616a69909cec22531a01219e391bfe1df73a5151c872292fed1
20180514.0,1467271.3608536231,ChiNext,Baseline portfolio,49a0a4d1fd8f9616a69909cec22531a01219e391bfe1df73a5151c872292fed1
20180515.0,1463975.675154486,ChiNext,Baseline portfolio,49a0a4d1fd8f9616a69909cec22531a01219e391bfe1df73a5151c872292fed1
20180516.0,1409993.164345691,ChiNext,Baseline portfolio,49a0a4d1fd8f9616a69909cec22531a01219e391bfe1df73a5151c872292fed1
20180517.0,1426523.7083827308,ChiNext,Baseline portfolio,49a0a4d1fd8f9616a69909cec22531a01219e391bfe1df73a5151c872292fed1
20180518.0,1427038.143363552,ChiNext,Baseline portfolio,49a0a4d1fd8f9616a69909cec22531a01219e391bfe1df73a5151c872292fed1
20180521.0,1417593.117784781,ChiNext,Baseline portfolio,49a0a4d1fd8f9616a69909cec22531a01219e391bfe1df73a5151c872292fed1
20180522.0,1437656.8768503831,ChiNext,Baseline portfolio,49a0a4d1fd8f9616a69909cec22531a01219e391bfe1df73a5151c872292fed1
20180523.0,1448448.2937259045,ChiNext,Baseline portfolio,49a0a4d1fd8f9616a69909cec22531a01219e391bfe1df73a5151c872292fed1
20180524.0,1433316.1664007837,ChiNext,Baseline portfolio,49a0a4d1fd8f9616a69909cec22531a01219e391bfe1df73a5151c872292fed1
20180525.0,1407906.6918100251,ChiNext,Baseline portfolio,49a0a4d1fd8f9616a69909cec22531a01219e391bfe1df73a5151c872292fed1
20180528.0,1403424.1315683874,ChiNext,Baseline portfolio,49a0a4d1fd8f9616a69909cec22531a01219e391bfe1df73a5151c872292fed1
20180529.0,1457626.8986029115,ChiNext,Baseline portfolio,49a0a4d1fd8f9616a69909cec22531a01219e391bfe1df73a5151c872292fed1
20180530.0,1487026.853296145,ChiNext,Baseline portfolio,49a0a4d1fd8f9616a69909cec22531a01219e391bfe1df73a5151c872292fed1
20180531.0,1436391.0753929508,ChiNext,Baseline portfolio,49a0a4d1fd8f9616a69909cec22531a01219e391bfe1df73a5151c872292fed1
20180601.0,1407368.9279353907,ChiNext,Baseline portfolio,49a0a4d1fd8f9616a69909cec22531a01219e391bfe1df73a5151c872292fed1
20180604.0,1442623.7046394623,ChiNext,Baseline portfolio,49a0a4d1fd8f9616a69909cec22531a01219e391bfe1df73a5151c872292fed1
20180605.0,1454577.3694074631,ChiNext,Baseline portfolio,49a0a4d1fd8f9616a69909cec22531a01219e391bfe1df73a5151c872292fed1
20180606.0,1441442.4233947895,ChiNext,Baseline portfolio,49a0a4d1fd8f9616a69909cec22531a01219e391bfe1df73a5151c872292fed1
20180607.0,1441124.1786171137,ChiNext,Baseline portfolio,49a0a4d1fd8f9616a69909cec22531a01219e391bfe1df73a5151c872292fed1
20180608.0,1440257.8580696078,ChiNext,Baseline portfolio,49a0a4d1fd8f9616a69909cec22531a01219e391bfe1df73a5151c872292fed1
20180611.0,1468958.7032516822,ChiNext,Baseline portfolio,49a0a4d1fd8f9616a69909cec22531a01219e391bfe1df73a5151c872292fed1
20180612.0,1478543.074858328,ChiNext,Baseline portfolio,49a0a4d1fd8f9616a69909cec22531a01219e391bfe1df73a5151c872292fed1
20180613.0,1508978.9214478931,ChiNext,Baseline portfolio,49a0a4d1fd8f9616a69909cec22531a01219e391bfe1df73a5151c872292fed1
20180614.0,1484857.5558120997,ChiNext,Baseline portfolio,49a0a4d1fd8f9616a69909cec22531a01219e391bfe1df73a5151c872292fed1
20180615.0,1493800.5311060753,ChiNext,Baseline portfolio,49a0a4d1fd8f9616a69909cec22531a01219e391bfe1df73a5151c872292fed1
20180619.0,1532677.741677119,ChiNext,Baseline portfolio,49a0a4d1fd8f9616a69909cec22531a01219e391bfe1df73a5151c872292fed1
20180620.0,1487473.3476322247,ChiNext,Baseline portfolio,49a0a4d1fd8f9616a69909cec22531a01219e391bfe1df73a5151c872292fed1
20180621.0,1513245.6628350387,ChiNext,Baseline portfolio,49a0a4d1fd8f9616a69909cec22531a01219e391bfe1df73a5151c872292fed1
20180622.0,1517426.7307186967,ChiNext,Baseline portfolio,49a0a4d1fd8f9616a69909cec22531a01219e391bfe1df73a5151c872292fed1
20180625.0,1553019.8270220165,ChiNext,Baseline portfolio,49a0a4d1fd8f9616a69909cec22531a01219e391bfe1df73a5151c872292fed1
20180626.0,1549273.9555643303,ChiNext,Baseline portfolio,49a0a4d1fd8f9616a69909cec22531a01219e391bfe1df73a5151c872292fed1
20180627.0,1540715.6301007648,ChiNext,Baseline portfolio,49a0a4d1fd8f9616a69909cec22531a01219e391bfe1df73a5151c872292fed1
20180628.0,1591611.1576447326,ChiNext,Baseline portfolio,49a0a4d1fd8f9616a69909cec22531a01219e391bfe1df73a5151c872292fed1
20180629.0,1598302.0256117955,ChiNext,Baseline portfolio,49a0a4d1fd8f9616a69909cec22531a01219e391bfe1df73a5151c872292fed1
20180702.0,1610710.6325501865,ChiNext,Baseline portfolio,49a0a4d1fd8f9616a69909cec22531a01219e391bfe1df73a5151c872292fed1
20180703.0,1591483.5170716844,ChiNext,Baseline portfolio,49a0a4d1fd8f9616a69909cec22531a01219e391bfe1df73a5151c872292fed1
20180704.0,1546119.1428678352,ChiNext,Baseline portfolio,49a0a4d1fd8f9616a69909cec22531a01219e391bfe1df73a5151c872292fed1
20180705.0,1538959.08833278,ChiNext,Baseline portfolio,49a0a4d1fd8f9616a69909cec22531a01219e391bfe1df73a5151c872292fed1
20180706.0,1627879.77391926,ChiNext,Baseline portfolio,49a0a4d1fd8f9616a69909cec22531a01219e391bfe1df73a5151c872292fed1
20180709.0,1632691.2678633241,ChiNext,Baseline portfolio,49a0a4d1fd8f9616a69909cec22531a01219e391bfe1df73a5151c872292fed1
20180710.0,1628281.5708389154,ChiNext,Baseline portfolio,49a0a4d1fd8f9616a69909cec22531a01219e391bfe1df73a5151c872292fed1
20180711.0,1688848.0411051924,ChiNext,Baseline portfolio,49a0a4d1fd8f9616a69909cec22531a01219e391bfe1df73a5151c872292fed1
20180712.0,1714066.1407046313,ChiNext,Baseline portfolio,49a0a4d1fd8f9616a69909cec22531a01219e391bfe1df73a5151c872292fed1
20180713.0,1722069.8660331995,ChiNext,Baseline portfolio,49a0a4d1fd8f9616a69909cec22531a01219e391bfe1df73a5151c872292fed1
20180716.0,1723091.3753519664,ChiNext,Baseline portfolio,49a0a4d1fd8f9616a69909cec22531a01219e391bfe1df73a5151c872292fed1
20180717.0,1716305.4995866495,ChiNext,Baseline portfolio,49a0a4d1fd8f9616a69909cec22531a01219e391bfe1df73a5151c872292fed1
20180718.0,1702757.0157167434,ChiNext,Baseline portfolio,49a0a4d1fd8f9616a69909cec22531a01219e391bfe1df73a5151c872292fed1
20180719.0,1747513.521460411,ChiNext,Baseline portfolio,49a0a4d1fd8f9616a69909cec22531a01219e391bfe1df73a5151c872292fed1
20180720.0,1741649.176893477,ChiNext,Baseline portfolio,49a0a4d1fd8f9616a69909cec22531a01219e391bfe1df73a5151c872292fed1
20180723.0,1751325.372786117,ChiNext,Baseline portfolio,49a0a4d1fd8f9616a69909cec22531a01219e391bfe1df73a5151c872292fed1
20180724.0,1730347.3240443498,ChiNext,Baseline portfolio,49a0a4d1fd8f9616a69909cec22531a01219e391bfe1df73a5151c872292fed1
20180725.0,1699277.1543747222,ChiNext,Baseline portfolio,49a0a4d1fd8f9616a69909cec22531a01219e391bfe1df73a5151c872292fed1
20180726.0,1665571.4287909,ChiNext,Baseline portfolio,49a0a4d1fd8f9616a69909cec22531a01219e391bfe1df73a5151c872292fed1
20180727.0,1651241.5041785648,ChiNext,Baseline portfolio,49a0a4d1fd8f9616a69909cec22531a01219e391bfe1df73a5151c872292fed1
20180730.0,1628316.4008069194,ChiNext,Baseline portfolio,49a0a4d1fd8f9616a69909cec22531a01219e391bfe1df73a5151c872292fed1
20180731.0,1606850.3562945614,ChiNext,Baseline portfolio,49a0a4d1fd8f9616a69909cec22531a01219e391bfe1df73a5151c872292fed1
20180801.0,1601809.1030334944,ChiNext,Baseline portfolio,49a0a4d1fd8f9616a69909cec22531a01219e391bfe1df73a5151c872292fed1
20180802.0,1558867.0737700344,ChiNext,Baseline portfolio,49a0a4d1fd8f9616a69909cec22531a01219e391bfe1df73a5151c872292fed1
20180803.0,1530867.2885351526,ChiNext,Baseline portfolio,49a0a4d1fd8f9616a69909cec22531a01219e391bfe1df73a5151c872292fed1
20180806.0,1569676.0600808961,ChiNext,Baseline portfolio,49a0a4d1fd8f9616a69909cec22531a01219e391bfe1df73a5151c872292fed1
20180807.0,1524671.1850279202,ChiNext,Baseline portfolio,49a0a4d1fd8f9616a69909cec22531a01219e391bfe1df73a5151c872292fed1
20180808.0,1558491.6155937382,ChiNext,Baseline portfolio,49a0a4d1fd8f9616a69909cec22531a01219e391bfe1df73a5151c872292fed1
20180809.0,1572603.3531315196,ChiNext,Baseline portfolio,49a0a4d1fd8f9616a69909cec22531a01219e391bfe1df73a5151c872292fed1
20180810.0,1595220.366077279,ChiNext,Baseline portfolio,49a0a4d1fd8f9616a69909cec22531a01219e391bfe1df73a5151c872292fed1
20180813.0,1577333.0007414266,ChiNext,Baseline portfolio,49a0a4d1fd8f9616a69909cec22531a01219e391bfe1df73a5151c872292fed1
20180814.0,1531262.6442206553,ChiNext,Baseline portfolio,49a0a4d1fd8f9616a69909cec22531a01219e391bfe1df73a5151c872292fed1
20180815.0,1518664.7407690145,ChiNext,Baseline portfolio,49a0a4d1fd8f9616a69909cec22531a01219e391bfe1df73a5151c872292fed1
20180816.0,1480988.328982296,ChiNext,Baseline portfolio,49a0a4d1fd8f9616a69909cec22531a01219e391bfe1df73a5151c872292fed1
20180817.0,1494583.801034914,ChiNext,Baseline portfolio,49a0a4d1fd8f9616a69909cec22531a01219e391bfe1df73a5151c872292fed1
20180820.0,1504279.4242396436,ChiNext,Baseline portfolio,49a0a4d1fd8f9616a69909cec22531a01219e391bfe1df73a5151c872292fed1
20180821.0,1485930.7696806004,ChiNext,Baseline portfolio,49a0a4d1fd8f9616a69909cec22531a01219e391bfe1df73a5151c872292fed1
20180822.0,1503518.8465427158,ChiNext,Baseline portfolio,49a0a4d1fd8f9616a69909cec22531a01219e391bfe1df73a5151c872292fed1
20180823.0,1509335.2556389135,ChiNext,Baseline portfolio,49a0a4d1fd8f9616a69909cec22531a01219e391bfe1df73a5151c872292fed1
20180824.0,1547729.1839677703,ChiNext,Baseline portfolio,49a0a4d1fd8f9616a69909cec22531a01219e391bfe1df73a5151c872292fed1
20180827.0,1548276.376521283,ChiNext,Baseline portfolio,49a0a4d1fd8f9616a69909cec22531a01219e391bfe1df73a5151c872292fed1
20180828.0,1535975.9942997107,ChiNext,Baseline portfolio,49a0a4d1fd8f9616a69909cec22531a01219e391bfe1df73a5151c872292fed1
20180829.0,1513711.0797157516,ChiNext,Baseline portfolio,49a0a4d1fd8f9616a69909cec22531a01219e391bfe1df73a5151c872292fed1
20180830.0,1498394.3705209596,ChiNext,Baseline portfolio,49a0a4d1fd8f9616a69909cec22531a01219e391bfe1df73a5151c872292fed1
20180831.0,1509833.6964157,ChiNext,Baseline portfolio,49a0a4d1fd8f9616a69909cec22531a01219e391bfe1df73a5151c872292fed1
20180903.0,1536343.202331298,ChiNext,Baseline portfolio,49a0a4d1fd8f9616a69909cec22531a01219e391bfe1df73a5151c872292fed1
20180904.0,1509907.621175406,ChiNext,Baseline portfolio,49a0a4d1fd8f9616a69909cec22531a01219e391bfe1df73a5151c872292fed1
20180905.0,1506954.8996660097,ChiNext,Baseline portfolio,49a0a4d1fd8f9616a69909cec22531a01219e391bfe1df73a5151c872292fed1
20180906.0,1511549.3852724493,ChiNext,Baseline portfolio,49a0a4d1fd8f9616a69909cec22531a01219e391bfe1df73a5151c872292fed1
20180907.0,1473711.3204672197,ChiNext,Baseline portfolio,49a0a4d1fd8f9616a69909cec22531a01219e391bfe1df73a5151c872292fed1
20180910.0,1490506.003158352,ChiNext,Baseline portfolio,49a0a4d1fd8f9616a69909cec22531a01219e391bfe1df73a5151c872292fed1
20180911.0,1557858.1776561982,ChiNext,Baseline portfolio,49a0a4d1fd8f9616a69909cec22531a01219e391bfe1df73a5151c872292fed1
20180912.0,1590888.1664185254,ChiNext,Baseline portfolio,49a0a4d1fd8f9616a69909cec22531a01219e391bfe1df73a5151c872292fed1
20180913.0,1581268.669120505,ChiNext,Baseline portfolio,49a0a4d1fd8f9616a69909cec22531a01219e391bfe1df73a5151c872292fed1
20180914.0,1552834.8750165775,ChiNext,Baseline portfolio,49a0a4d1fd8f9616a69909cec22531a01219e391bfe1df73a5151c872292fed1
20180917.0,1580527.5468177286,ChiNext,Baseline portfolio,49a0a4d1fd8f9616a69909cec22531a01219e391bfe1df73a5151c872292fed1
20180918.0,1605074.763635765,ChiNext,Baseline portfolio,49a0a4d1fd8f9616a69909cec22531a01219e391bfe1df73a5151c872292fed1
20180919.0,1588645.7355414596,ChiNext,Baseline portfolio,49a0a4d1fd8f9616a69909cec22531a01219e391bfe1df73a5151c872292fed1
20180920.0,1629088.0727429725,ChiNext,Baseline portfolio,49a0a4d1fd8f9616a69909cec22531a01219e391bfe1df73a5151c872292fed1
20180921.0,1628956.2269572464,ChiNext,Baseline portfolio,49a0a4d1fd8f9616a69909cec22531a01219e391bfe1df73a5151c872292fed1
20180925.0,1638275.991334752,ChiNext,Baseline portfolio,49a0a4d1fd8f9616a69909cec22531a01219e391bfe1df73a5151c872292fed1
20180926.0,1597074.962293743,ChiNext,Baseline portfolio,49a0a4d1fd8f9616a69909cec22531a01219e391bfe1df73a5151c872292fed1
20180927.0,1622959.8022156833,ChiNext,Baseline portfolio,49a0a4d1fd8f9616a69909cec22531a01219e391bfe1df73a5151c872292fed1
20180928.0,1524990.9786782875,ChiNext,Baseline portfolio,49a0a4d1fd8f9616a69909cec22531a01219e391bfe1df73a5151c872292fed1
20181008.0,1496938.1539312638,ChiNext,Baseline portfolio,49a0a4d1fd8f9616a69909cec22531a01219e391bfe1df73a5151c872292fed1
20181009.0,1503045.7446054164,ChiNext,Baseline portfolio,49a0a4d1fd8f9616a69909cec22531a01219e391bfe1df73a5151c872292fed1
20181010.0,1421619.2305764237,ChiNext,Baseline portfolio,49a0a4d1fd8f9616a69909cec22531a01219e391bfe1df73a5151c872292fed1
20181011.0,1441200.6455637296,ChiNext,Baseline portfolio,49a0a4d1fd8f9616a69909cec22531a01219e391bfe1df73a5151c872292fed1
20181012.0,1449416.3578126335,ChiNext,Baseline portfolio,49a0a4d1fd8f9616a69909cec22531a01219e391bfe1df73a5151c872292fed1
20181015.0,1412039.8682215528,ChiNext,Baseline portfolio,49a0a4d1fd8f9616a69909cec22531a01219e391bfe1df73a5151c872292fed1
20181016.0,1411827.3249317096,ChiNext,Baseline portfolio,49a0a4d1fd8f9616a69909cec22531a01219e391bfe1df73a5151c872292fed1
20181017.0,1389306.6792803947,ChiNext,Baseline portfolio,49a0a4d1fd8f9616a69909cec22531a01219e391bfe1df73a5151c872292fed1
20181018.0,1464835.2054189618,ChiNext,Baseline portfolio,49a0a4d1fd8f9616a69909cec22531a01219e391bfe1df73a5151c872292fed1
20181019.0,1543116.0098000797,ChiNext,Baseline portfolio,49a0a4d1fd8f9616a69909cec22531a01219e391bfe1df73a5151c872292fed1
20181022.0,1516694.1026819414,ChiNext,Baseline portfolio,49a0a4d1fd8f9616a69909cec22531a01219e391bfe1df73a5151c872292fed1
20181023.0,1520838.4948863587,ChiNext,Baseline portfolio,49a0a4d1fd8f9616a69909cec22531a01219e391bfe1df73a5151c872292fed1
20181024.0,1520108.2604144884,ChiNext,Baseline portfolio,49a0a4d1fd8f9616a69909cec22531a01219e391bfe1df73a5151c872292fed1
20181025.0,1505261.180308262,ChiNext,Baseline portfolio,49a0a4d1fd8f9616a69909cec22531a01219e391bfe1df73a5151c872292fed1
20181026.0,1488429.2958807875,ChiNext,Baseline portfolio,49a0a4d1fd8f9616a69909cec22531a01219e391bfe1df73a5151c872292fed1
20181029.0,1507534.3821295812,ChiNext,Baseline portfolio,49a0a4d1fd8f9616a69909cec22531a01219e391bfe1df73a5151c872292fed1
20181030.0,1524785.42123211,ChiNext,Baseline portfolio,49a0a4d1fd8f9616a69909cec22531a01219e391bfe1df73a5151c872292fed1
20181031.0,1542920.0965651379,ChiNext,Baseline portfolio,49a0a4d1fd8f9616a69909cec22531a01219e391bfe1df73a5151c872292fed1
20181101.0,1605779.7093495151,ChiNext,Baseline portfolio,49a0a4d1fd8f9616a69909cec22531a01219e391bfe1df73a5151c872292fed1
20181102.0,1608269.733882992,ChiNext,Baseline portfolio,49a0a4d1fd8f9616a69909cec22531a01219e391bfe1df73a5151c872292fed1
20181105.0,1603981.1500250872,ChiNext,Baseline portfolio,49a0a4d1fd8f9616a69909cec22531a01219e391bfe1df73a5151c872292fed1
20181106.0,1597097.5341884487,ChiNext,Baseline portfolio,49a0a4d1fd8f9616a69909cec22531a01219e391bfe1df73a5151c872292fed1
20181107.0,1609288.1465715454,ChiNext,Baseline portfolio,49a0a4d1fd8f9616a69909cec22531a01219e391bfe1df73a5151c872292fed1
20181108.0,1622207.9800391947,ChiNext,Baseline portfolio,49a0a4d1fd8f9616a69909cec22531a01219e391bfe1df73a5151c872292fed1
20181109.0,1681979.1135046594,ChiNext,Baseline portfolio,49a0a4d1fd8f9616a69909cec22531a01219e391bfe1df73a5151c872292fed1
20181112.0,1698329.6546701232,ChiNext,Baseline portfolio,49a0a4d1fd8f9616a69909cec22531a01219e391bfe1df73a5151c872292fed1
20181113.0,1701696.7749496277,ChiNext,Baseline portfolio,49a0a4d1fd8f9616a69909cec22531a01219e391bfe1df73a5151c872292fed1
20181114.0,1737314.655040858,ChiNext,Baseline portfolio,49a0a4d1fd8f9616a69909cec22531a01219e391bfe1df73a5151c872292fed1
20181115.0,1749963.7003872127,ChiNext,Baseline portfolio,49a0a4d1fd8f9616a69909cec22531a01219e391bfe1df73a5151c872292fed1
20181116.0,1756618.3614528424,ChiNext,Baseline portfolio,49a0a4d1fd8f9616a69909cec22531a01219e391bfe1df73a5151c872292fed1
20181119.0,1739957.7009578932,ChiNext,Baseline portfolio,49a0a4d1fd8f9616a69909cec22531a01219e391bfe1df73a5151c872292fed1
20181120.0,1724231.6467502732,ChiNext,Baseline portfolio,49a0a4d1fd8f9616a69909cec22531a01219e391bfe1df73a5151c872292fed1
20181121.0,1708399.1691329437,ChiNext,Baseline portfolio,49a0a4d1fd8f9616a69909cec22531a01219e391bfe1df73a5151c872292fed1
20181122.0,1652431.27137616,ChiNext,Baseline portfolio,49a0a4d1fd8f9616a69909cec22531a01219e391bfe1df73a5151c872292fed1
20181123.0,1647545.552792468,ChiNext,Baseline portfolio,49a0a4d1fd8f9616a69909cec22531a01219e391bfe1df73a5151c872292fed1
20181126.0,1662535.9025075997,ChiNext,Baseline portfolio,49a0a4d1fd8f9616a69909cec22531a01219e391bfe1df73a5151c872292fed1
20181127.0,1683295.6175803696,ChiNext,Baseline portfolio,49a0a4d1fd8f9616a69909cec22531a01219e391bfe1df73a5151c872292fed1
20181128.0,1642159.6355152146,ChiNext,Baseline portfolio,49a0a4d1fd8f9616a69909cec22531a01219e391bfe1df73a5151c872292fed1
20181129.0,1670326.5918430064,ChiNext,Baseline portfolio,49a0a4d1fd8f9616a69909cec22531a01219e391bfe1df73a5151c872292fed1
20181130.0,1718699.0376036433,ChiNext,Baseline portfolio,49a0a4d1fd8f9616a69909cec22531a01219e391bfe1df73a5151c872292fed1
20181203.0,1724331.9893291802,ChiNext,Baseline portfolio,49a0a4d1fd8f9616a69909cec22531a01219e391bfe1df73a5151c872292fed1
20181204.0,1720282.56751406,ChiNext,Baseline portfolio,49a0a4d1fd8f9616a69909cec22531a01219e391bfe1df73a5151c872292fed1
20181205.0,1672168.4358635426,ChiNext,Baseline portfolio,49a0a4d1fd8f9616a69909cec22531a01219e391bfe1df73a5151c872292fed1
20181206.0,1679780.9833468795,ChiNext,Baseline portfolio,49a0a4d1fd8f9616a69909cec22531a01219e391bfe1df73a5151c872292fed1
20181207.0,1672641.9641007287,ChiNext,Baseline portfolio,49a0a4d1fd8f9616a69909cec22531a01219e391bfe1df73a5151c872292fed1
20181210.0,1703915.0143979352,ChiNext,Baseline portfolio,49a0a4d1fd8f9616a69909cec22531a01219e391bfe1df73a5151c872292fed1
20181211.0,1688965.0378672695,ChiNext,Baseline portfolio,49a0a4d1fd8f9616a69909cec22531a01219e391bfe1df73a5151c872292fed1
20181212.0,1723876.3030348492,ChiNext,Baseline portfolio,49a0a4d1fd8f9616a69909cec22531a01219e391bfe1df73a5151c872292fed1
20181213.0,1661940.58206547,ChiNext,Baseline portfolio,49a0a4d1fd8f9616a69909cec22531a01219e391bfe1df73a5151c872292fed1
20181214.0,1631011.7030811324,ChiNext,Baseline portfolio,49a0a4d1fd8f9616a69909cec22531a01219e391bfe1df73a5151c872292fed1
20181217.0,1614655.1239683041,ChiNext,Baseline portfolio,49a0a4d1fd8f9616a69909cec22531a01219e391bfe1df73a5151c872292fed1
20181218.0,1591538.3944888553,ChiNext,Baseline portfolio,49a0a4d1fd8f9616a69909cec22531a01219e391bfe1df73a5151c872292fed1
20181219.0,1585445.4075004854,ChiNext,Baseline portfolio,49a0a4d1fd8f9616a69909cec22531a01219e391bfe1df73a5151c872292fed1
20181220.0,1562875.4776284466,ChiNext,Baseline portfolio,49a0a4d1fd8f9616a69909cec22531a01219e391bfe1df73a5151c872292fed1
20181221.0,1592060.2672621864,ChiNext,Baseline portfolio,49a0a4d1fd8f9616a69909cec22531a01219e391bfe1df73a5151c872292fed1
20181224.0,1583991.5148281038,ChiNext,Baseline portfolio,49a0a4d1fd8f9616a69909cec22531a01219e391bfe1df73a5151c872292fed1
20181225.0,1584444.2322301192,ChiNext,Baseline portfolio,49a0a4d1fd8f9616a69909cec22531a01219e391bfe1df73a5151c872292fed1
20181226.0,1577044.465466908,ChiNext,Baseline portfolio,49a0a4d1fd8f9616a69909cec22531a01219e391bfe1df73a5151c872292fed1
20181227.0,1576018.2483983554,ChiNext,Baseline portfolio,49a0a4d1fd8f9616a69909cec22531a01219e391bfe1df73a5151c872292fed1
20181228.0,1533831.5966828566,ChiNext,Baseline portfolio,49a0a4d1fd8f9616a69909cec22531a01219e391bfe1df73a5151c872292fed1
20190102.0,1508970.815464524,ChiNext,Baseline portfolio,49a0a4d1fd8f9616a69909cec22531a01219e391bfe1df73a5151c872292fed1
20190103.0,1530054.8606064585,ChiNext,Baseline portfolio,49a0a4d1fd8f9616a69909cec22531a01219e391bfe1df73a5151c872292fed1
20190104.0,1526673.5279652055,ChiNext,Baseline portfolio,49a0a4d1fd8f9616a69909cec22531a01219e391bfe1df73a5151c872292fed1
20190107.0,1511263.9495681436,ChiNext,Baseline portfolio,49a0a4d1fd8f9616a69909cec22531a01219e391bfe1df73a5151c872292fed1
20190108.0,1488273.1443104735,ChiNext,Baseline portfolio,49a0a4d1fd8f9616a69909cec22531a01219e391bfe1df73a5151c872292fed1
20190109.0,1484093.8655684101,ChiNext,Baseline portfolio,49a0a4d1fd8f9616a69909cec22531a01219e391bfe1df73a5151c872292fed1
20190110.0,1479666.440450082,ChiNext,Baseline portfolio,49a0a4d1fd8f9616a69909cec22531a01219e391bfe1df73a5151c872292fed1
20190111.0,1482162.5635557342,ChiNext,Baseline portfolio,49a0a4d1fd8f9616a69909cec22531a01219e391bfe1df73a5151c872292fed1
20190114.0,1500293.4547042488,ChiNext,Baseline portfolio,49a0a4d1fd8f9616a69909cec22531a01219e391bfe1df73a5151c872292fed1
20190115.0,1502345.666212447,ChiNext,Baseline portfolio,49a0a4d1fd8f9616a69909cec22531a01219e391bfe1df73a5151c872292fed1
20190116.0,1480635.6358282382,ChiNext,Baseline portfolio,49a0a4d1fd8f9616a69909cec22531a01219e391bfe1df73a5151c872292fed1
20190117.0,1500650.437215789,ChiNext,Baseline portfolio,49a0a4d1fd8f9616a69909cec22531a01219e391bfe1df73a5151c872292fed1
20190118.0,1509234.6501835235,ChiNext,Baseline portfolio,49a0a4d1fd8f9616a69909cec22531a01219e391bfe1df73a5151c872292fed1
20190121.0,1500067.5082620971,ChiNext,Baseline portfolio,49a0a4d1fd8f9616a69909cec22531a01219e391bfe1df73a5151c872292fed1
20190122.0,1504888.6021146502,ChiNext,Baseline portfolio,49a0a4d1fd8f9616a69909cec22531a01219e391bfe1df73a5151c872292fed1
20190123.0,1516748.4125778843,ChiNext,Baseline portfolio,49a0a4d1fd8f9616a69909cec22531a01219e391bfe1df73a5151c872292fed1
20190124.0,1518409.565057372,ChiNext,Baseline portfolio,49a0a4d1fd8f9616a69909cec22531a01219e391bfe1df73a5151c872292fed1
20190125.0,1521146.9223983628,ChiNext,Baseline portfolio,49a0a4d1fd8f9616a69909cec22531a01219e391bfe1df73a5151c872292fed1
20190128.0,1506910.1143537487,ChiNext,Baseline portfolio,49a0a4d1fd8f9616a69909cec22531a01219e391bfe1df73a5151c872292fed1
20190129.0,1487565.5892967265,ChiNext,Baseline portfolio,49a0a4d1fd8f9616a69909cec22531a01219e391bfe1df73a5151c872292fed1
20190130.0,1488396.1412054428,ChiNext,Baseline portfolio,49a0a4d1fd8f9616a69909cec22531a01219e391bfe1df73a5151c872292fed1
20190131.0,1529358.799367595,ChiNext,Baseline portfolio,49a0a4d1fd8f9616a69909cec22531a01219e391bfe1df73a5151c872292fed1
20190201.0,1569708.9237976994,ChiNext,Baseline portfolio,49a0a4d1fd8f9616a69909cec22531a01219e391bfe1df73a5151c872292fed1
20190211.0,1590255.935198599,ChiNext,Baseline portfolio,49a0a4d1fd8f9616a69909cec22531a01219e391bfe1df73a5151c872292fed1
20190212.0,1612294.7642480289,ChiNext,Baseline portfolio,49a0a4d1fd8f9616a69909cec22531a01219e391bfe1df73a5151c872292fed1
20190213.0,1621643.3166923828,ChiNext,Baseline portfolio,49a0a4d1fd8f9616a69909cec22531a01219e391bfe1df73a5151c872292fed1
20190214.0,1622899.7389440262,ChiNext,Baseline portfolio,49a0a4d1fd8f9616a69909cec22531a01219e391bfe1df73a5151c872292fed1
20190215.0,1677297.4781096056,ChiNext,Baseline portfolio,49a0a4d1fd8f9616a69909cec22531a01219e391bfe1df73a5151c872292fed1
20190218.0,1666706.4780409369,ChiNext,Baseline portfolio,49a0a4d1fd8f9616a69909cec22531a01219e391bfe1df73a5151c872292fed1
20190219.0,1671727.6566831896,ChiNext,Baseline portfolio,49a0a4d1fd8f9616a69909cec22531a01219e391bfe1df73a5151c872292fed1
20190220.0,1682456.8733131364,ChiNext,Baseline portfolio,49a0a4d1fd8f9616a69909cec22531a01219e391bfe1df73a5151c872292fed1
20190221.0,1742054.1115019568,ChiNext,Baseline portfolio,49a0a4d1fd8f9616a69909cec22531a01219e391bfe1df73a5151c872292fed1
20190222.0,1840323.551683082,ChiNext,Baseline portfolio,49a0a4d1fd8f9616a69909cec22531a01219e391bfe1df73a5151c872292fed1
20190225.0,1847102.2091420363,ChiNext,Baseline portfolio,49a0a4d1fd8f9616a69909cec22531a01219e391bfe1df73a5151c872292fed1
20190226.0,1824128.4379357111,ChiNext,Baseline portfolio,49a0a4d1fd8f9616a69909cec22531a01219e391bfe1df73a5151c872292fed1
20190227.0,1850082.8991681545,ChiNext,Baseline portfolio,49a0a4d1fd8f9616a69909cec22531a01219e391bfe1df73a5151c872292fed1
20190228.0,1878834.2154182252,ChiNext,Baseline portfolio,49a0a4d1fd8f9616a69909cec22531a01219e391bfe1df73a5151c872292fed1
20190301.0,1921551.0693303626,ChiNext,Baseline portfolio,49a0a4d1fd8f9616a69909cec22531a01219e391bfe1df73a5151c872292fed1
20190304.0,1993882.589221555,ChiNext,Baseline portfolio,49a0a4d1fd8f9616a69909cec22531a01219e391bfe1df73a5151c872292fed1
20190305.0,2027800.1424588584,ChiNext,Baseline portfolio,49a0a4d1fd8f9616a69909cec22531a01219e391bfe1df73a5151c872292fed1
20190306.0,1998314.9979426991,ChiNext,Baseline portfolio,49a0a4d1fd8f9616a69909cec22531a01219e391bfe1df73a5151c872292fed1
20190307.0,1966151.893498073,ChiNext,Baseline portfolio,49a0a4d1fd8f9616a69909cec22531a01219e391bfe1df73a5151c872292fed1
20190308.0,2065260.977484813,ChiNext,Baseline portfolio,49a0a4d1fd8f9616a69909cec22531a01219e391bfe1df73a5151c872292fed1
20190311.0,2077501.5809049977,ChiNext,Baseline portfolio,49a0a4d1fd8f9616a69909cec22531a01219e391bfe1df73a5151c872292fed1
20190312.0,2009101.5432395113,ChiNext,Baseline portfolio,49a0a4d1fd8f9616a69909cec22531a01219e391bfe1df73a5151c872292fed1
20190313.0,1985394.603340715,ChiNext,Baseline portfolio,49a0a4d1fd8f9616a69909cec22531a01219e391bfe1df73a5151c872292fed1
20190314.0,1924017.37090875,ChiNext,Baseline portfolio,49a0a4d1fd8f9616a69909cec22531a01219e391bfe1df73a5151c872292fed1
20190315.0,1996105.798180958,ChiNext,Baseline portfolio,49a0a4d1fd8f9616a69909cec22531a01219e391bfe1df73a5151c872292fed1
20190318.0,2017297.0658041143,ChiNext,Baseline portfolio,49a0a4d1fd8f9616a69909cec22531a01219e391bfe1df73a5151c872292fed1
20190319.0,1989740.9086088308,ChiNext,Baseline portfolio,49a0a4d1fd8f9616a69909cec22531a01219e391bfe1df73a5151c872292fed1
20190320.0,1986443.0196337264,ChiNext,Baseline portfolio,49a0a4d1fd8f9616a69909cec22531a01219e391bfe1df73a5151c872292fed1
20190321.0,1992530.8114407156,ChiNext,Baseline portfolio,49a0a4d1fd8f9616a69909cec22531a01219e391bfe1df73a5151c872292fed1
20190322.0,1974617.682486177,ChiNext,Baseline portfolio,49a0a4d1fd8f9616a69909cec22531a01219e391bfe1df73a5151c872292fed1
20190325.0,1922547.538371631,ChiNext,Baseline portfolio,49a0a4d1fd8f9616a69909cec22531a01219e391bfe1df73a5151c872292fed1
20190326.0,1974546.941644247,ChiNext,Baseline portfolio,49a0a4d1fd8f9616a69909cec22531a01219e391bfe1df73a5151c872292fed1
20190327.0,1963093.9194083111,ChiNext,Baseline portfolio,49a0a4d1fd8f9616a69909cec22531a01219e391bfe1df73a5151c872292fed1
20190328.0,2019357.6453611285,ChiNext,Baseline portfolio,49a0a4d1fd8f9616a69909cec22531a01219e391bfe1df73a5151c872292fed1
20190329.0,2114092.313936173,ChiNext,Baseline portfolio,49a0a4d1fd8f9616a69909cec22531a01219e391bfe1df73a5151c872292fed1
20190401.0,2104226.071830481,ChiNext,Baseline portfolio,49a0a4d1fd8f9616a69909cec22531a01219e391bfe1df73a5151c872292fed1
20190402.0,2126115.1995665063,ChiNext,Baseline portfolio,49a0a4d1fd8f9616a69909cec22531a01219e391bfe1df73a5151c872292fed1
20190403.0,2134322.1163515355,ChiNext,Baseline portfolio,49a0a4d1fd8f9616a69909cec22531a01219e391bfe1df73a5151c872292fed1
20190404.0,2170372.267265376,ChiNext,Baseline portfolio,49a0a4d1fd8f9616a69909cec22531a01219e391bfe1df73a5151c872292fed1
20190408.0,2196317.3783878856,ChiNext,Baseline portfolio,49a0a4d1fd8f9616a69909cec22531a01219e391bfe1df73a5151c872292fed1
20190409.0,2188470.2556660655,ChiNext,Baseline portfolio,49a0a4d1fd8f9616a69909cec22531a01219e391bfe1df73a5151c872292fed1
20190410.0,2145916.604963062,ChiNext,Baseline portfolio,49a0a4d1fd8f9616a69909cec22531a01219e391bfe1df73a5151c872292fed1
20190411.0,2137485.7644553445,ChiNext,Baseline portfolio,49a0a4d1fd8f9616a69909cec22531a01219e391bfe1df73a5151c872292fed1
20190412.0,2118116.3974187043,ChiNext,Baseline portfolio,49a0a4d1fd8f9616a69909cec22531a01219e391bfe1df73a5151c872292fed1
20190415.0,2178286.8823327497,ChiNext,Baseline portfolio,49a0a4d1fd8f9616a69909cec22531a01219e391bfe1df73a5151c872292fed1
20190416.0,2187759.398120782,ChiNext,Baseline portfolio,49a0a4d1fd8f9616a69909cec22531a01219e391bfe1df73a5151c872292fed1
20190417.0,2171532.5506301024,ChiNext,Baseline portfolio,49a0a4d1fd8f9616a69909cec22531a01219e391bfe1df73a5151c872292fed1
20190418.0,2167116.0207433677,ChiNext,Baseline portfolio,49a0a4d1fd8f9616a69909cec22531a01219e391bfe1df73a5151c872292fed1
20190419.0,2143011.0340459896,ChiNext,Baseline portfolio,49a0a4d1fd8f9616a69909cec22531a01219e391bfe1df73a5151c872292fed1
20190422.0,2131840.8421681556,ChiNext,Baseline portfolio,49a0a4d1fd8f9616a69909cec22531a01219e391bfe1df73a5151c872292fed1
20190423.0,2159602.107902152,ChiNext,Baseline portfolio,49a0a4d1fd8f9616a69909cec22531a01219e391bfe1df73a5151c872292fed1
20190424.0,2108515.4710819665,ChiNext,Baseline portfolio,49a0a4d1fd8f9616a69909cec22531a01219e391bfe1df73a5151c872292fed1
20190425.0,2106584.8373615276,ChiNext,Baseline portfolio,49a0a4d1fd8f9616a69909cec22531a01219e391bfe1df73a5151c872292fed1
20190426.0,2078721.1987257134,ChiNext,Baseline portfolio,49a0a4d1fd8f9616a69909cec22531a01219e391bfe1df73a5151c872292fed1
20190429.0,2076111.8297900923,ChiNext,Baseline portfolio,49a0a4d1fd8f9616a69909cec22531a01219e391bfe1df73a5151c872292fed1
20190430.0,1939776.0821208153,ChiNext,Baseline portfolio,49a0a4d1fd8f9616a69909cec22531a01219e391bfe1df73a5151c872292fed1
20190506.0,1947495.5141882214,ChiNext,Baseline portfolio,49a0a4d1fd8f9616a69909cec22531a01219e391bfe1df73a5151c872292fed1
20190507.0,1932108.6592478924,ChiNext,Baseline portfolio,49a0a4d1fd8f9616a69909cec22531a01219e391bfe1df73a5151c872292fed1
20190508.0,1895920.602804416,ChiNext,Baseline portfolio,49a0a4d1fd8f9616a69909cec22531a01219e391bfe1df73a5151c872292fed1
20190509.0,1970185.7483214608,ChiNext,Baseline portfolio,49a0a4d1fd8f9616a69909cec22531a01219e391bfe1df73a5151c872292fed1
20190510.0,1941940.1261303923,ChiNext,Baseline portfolio,49a0a4d1fd8f9616a69909cec22531a01219e391bfe1df73a5151c872292fed1
20190513.0,1926349.922088816,ChiNext,Baseline portfolio,49a0a4d1fd8f9616a69909cec22531a01219e391bfe1df73a5151c872292fed1
20190514.0,1944067.750342041,ChiNext,Baseline portfolio,49a0a4d1fd8f9616a69909cec22531a01219e391bfe1df73a5151c872292fed1
20190515.0,1987684.4478893473,ChiNext,Baseline portfolio,49a0a4d1fd8f9616a69909cec22531a01219e391bfe1df73a5151c872292fed1
20190516.0,1914618.9295162489,ChiNext,Baseline portfolio,49a0a4d1fd8f9616a69909cec22531a01219e391bfe1df73a5151c872292fed1
20190517.0,1904796.0945728398,ChiNext,Baseline portfolio,49a0a4d1fd8f9616a69909cec22531a01219e391bfe1df73a5151c872292fed1
20190520.0,1922230.7534556396,ChiNext,Baseline portfolio,49a0a4d1fd8f9616a69909cec22531a01219e391bfe1df73a5151c872292fed1
20190521.0,1859276.5937432307,ChiNext,Baseline portfolio,49a0a4d1fd8f9616a69909cec22531a01219e391bfe1df73a5151c872292fed1
20190522.0,1808883.195661278,ChiNext,Baseline portfolio,49a0a4d1fd8f9616a69909cec22531a01219e391bfe1df73a5151c872292fed1
20190523.0,1816648.4766110089,ChiNext,Baseline portfolio,49a0a4d1fd8f9616a69909cec22531a01219e391bfe1df73a5151c872292fed1
20190524.0,1895654.4364632755,ChiNext,Baseline portfolio,49a0a4d1fd8f9616a69909cec22531a01219e391bfe1df73a5151c872292fed1
20190527.0,1882596.6004460158,ChiNext,Baseline portfolio,49a0a4d1fd8f9616a69909cec22531a01219e391bfe1df73a5151c872292fed1
20190528.0,1905049.2371229515,ChiNext,Baseline portfolio,49a0a4d1fd8f9616a69909cec22531a01219e391bfe1df73a5151c872292fed1
20190529.0,1883905.1751410698,ChiNext,Baseline portfolio,49a0a4d1fd8f9616a69909cec22531a01219e391bfe1df73a5151c872292fed1
20190530.0,1904726.6997436553,ChiNext,Baseline portfolio,49a0a4d1fd8f9616a69909cec22531a01219e391bfe1df73a5151c872292fed1
20190531.0,1881429.3970327813,ChiNext,Baseline portfolio,49a0a4d1fd8f9616a69909cec22531a01219e391bfe1df73a5151c872292fed1
20190603.0,1833919.7536543764,ChiNext,Baseline portfolio,49a0a4d1fd8f9616a69909cec22531a01219e391bfe1df73a5151c872292fed1
20190604.0,1836312.290145429,ChiNext,Baseline portfolio,49a0a4d1fd8f9616a69909cec22531a01219e391bfe1df73a5151c872292fed1
20190605.0,1817561.669566085,ChiNext,Baseline portfolio,49a0a4d1fd8f9616a69909cec22531a01219e391bfe1df73a5151c872292fed1
20190610.0,1860902.693524427,ChiNext,Baseline portfolio,49a0a4d1fd8f9616a69909cec22531a01219e391bfe1df73a5151c872292fed1
20190611.0,1825155.9779025342,ChiNext,Baseline portfolio,49a0a4d1fd8f9616a69909cec22531a01219e391bfe1df73a5151c872292fed1
20190612.0,1822437.7527585386,ChiNext,Baseline portfolio,49a0a4d1fd8f9616a69909cec22531a01219e391bfe1df73a5151c872292fed1
20190613.0,1782157.75440639,ChiNext,Baseline portfolio,49a0a4d1fd8f9616a69909cec22531a01219e391bfe1df73a5151c872292fed1
20190614.0,1779836.4514605848,ChiNext,Baseline portfolio,49a0a4d1fd8f9616a69909cec22531a01219e391bfe1df73a5151c872292fed1
20190617.0,1780637.6247681256,ChiNext,Baseline portfolio,49a0a4d1fd8f9616a69909cec22531a01219e391bfe1df73a5151c872292fed1
20190618.0,1791348.2339402486,ChiNext,Baseline portfolio,49a0a4d1fd8f9616a69909cec22531a01219e391bfe1df73a5151c872292fed1
20190619.0,1826747.121802656,ChiNext,Baseline portfolio,49a0a4d1fd8f9616a69909cec22531a01219e391bfe1df73a5151c872292fed1
20190620.0,1887766.9011204466,ChiNext,Baseline portfolio,49a0a4d1fd8f9616a69909cec22531a01219e391bfe1df73a5151c872292fed1
20190621.0,1885005.9571795037,ChiNext,Baseline portfolio,49a0a4d1fd8f9616a69909cec22531a01219e391bfe1df73a5151c872292fed1
20190624.0,1867857.6338435307,ChiNext,Baseline portfolio,49a0a4d1fd8f9616a69909cec22531a01219e391bfe1df73a5151c872292fed1
20190625.0,1895653.1964932587,ChiNext,Baseline portfolio,49a0a4d1fd8f9616a69909cec22531a01219e391bfe1df73a5151c872292fed1
20190626.0,1921043.1439133326,ChiNext,Baseline portfolio,49a0a4d1fd8f9616a69909cec22531a01219e391bfe1df73a5151c872292fed1
20190627.0,1899637.4795842725,ChiNext,Baseline portfolio,49a0a4d1fd8f9616a69909cec22531a01219e391bfe1df73a5151c872292fed1
20190628.0,1977803.5910475298,ChiNext,Baseline portfolio,49a0a4d1fd8f9616a69909cec22531a01219e391bfe1df73a5151c872292fed1
20190701.0,1970153.0272453087,ChiNext,Baseline portfolio,49a0a4d1fd8f9616a69909cec22531a01219e391bfe1df73a5151c872292fed1
20190702.0,1936377.952655739,ChiNext,Baseline portfolio,49a0a4d1fd8f9616a69909cec22531a01219e391bfe1df73a5151c872292fed1
20190703.0,1941628.41017857,ChiNext,Baseline portfolio,49a0a4d1fd8f9616a69909cec22531a01219e391bfe1df73a5151c872292fed1
20190704.0,1968814.754300198,ChiNext,Baseline portfolio,49a0a4d1fd8f9616a69909cec22531a01219e391bfe1df73a5151c872292fed1
20190705.0,1909555.823342354,ChiNext,Baseline portfolio,49a0a4d1fd8f9616a69909cec22531a01219e391bfe1df73a5151c872292fed1
20190708.0,1916159.4489615175,ChiNext,Baseline portfolio,49a0a4d1fd8f9616a69909cec22531a01219e391bfe1df73a5151c872292fed1
20190709.0,1942922.762373948,ChiNext,Baseline portfolio,49a0a4d1fd8f9616a69909cec22531a01219e391bfe1df73a5151c872292fed1
20190710.0,1966910.2508873122,ChiNext,Baseline portfolio,49a0a4d1fd8f9616a69909cec22531a01219e391bfe1df73a5151c872292fed1
20190711.0,1955843.1158159403,ChiNext,Baseline portfolio,49a0a4d1fd8f9616a69909cec22531a01219e391bfe1df73a5151c872292fed1
20190712.0,1998413.075302895,ChiNext,Baseline portfolio,49a0a4d1fd8f9616a69909cec22531a01219e391bfe1df73a5151c872292fed1
20190715.0,2003968.0643318666,ChiNext,Baseline portfolio,49a0a4d1fd8f9616a69909cec22531a01219e391bfe1df73a5151c872292fed1
20190716.0,1995058.3940587132,ChiNext,Baseline portfolio,49a0a4d1fd8f9616a69909cec22531a01219e391bfe1df73a5151c872292fed1
20190717.0,1961046.2382361519,ChiNext,Baseline portfolio,49a0a4d1fd8f9616a69909cec22531a01219e391bfe1df73a5151c872292fed1
20190718.0,1948748.0359733107,ChiNext,Baseline portfolio,49a0a4d1fd8f9616a69909cec22531a01219e391bfe1df73a5151c872292fed1
20190719.0,1894910.0727606665,ChiNext,Baseline portfolio,49a0a4d1fd8f9616a69909cec22531a01219e391bfe1df73a5151c872292fed1
20190722.0,1934941.4071953087,ChiNext,Baseline portfolio,49a0a4d1fd8f9616a69909cec22531a01219e391bfe1df73a5151c872292fed1
20190723.0,1964018.4248721108,ChiNext,Baseline portfolio,49a0a4d1fd8f9616a69909cec22531a01219e391bfe1df73a5151c872292fed1
20190724.0,1992923.5252834684,ChiNext,Baseline portfolio,49a0a4d1fd8f9616a69909cec22531a01219e391bfe1df73a5151c872292fed1
20190725.0,1994059.577985653,ChiNext,Baseline portfolio,49a0a4d1fd8f9616a69909cec22531a01219e391bfe1df73a5151c872292fed1
20190726.0,1994815.2309811271,ChiNext,Baseline portfolio,49a0a4d1fd8f9616a69909cec22531a01219e391bfe1df73a5151c872292fed1
20190729.0,2030676.231672023,ChiNext,Baseline portfolio,49a0a4d1fd8f9616a69909cec22531a01219e391bfe1df73a5151c872292fed1
20190730.0,2009148.8261317995,ChiNext,Baseline portfolio,49a0a4d1fd8f9616a69909cec22531a01219e391bfe1df73a5151c872292fed1
20190731.0,2021493.108117594,ChiNext,Baseline portfolio,49a0a4d1fd8f9616a69909cec22531a01219e391bfe1df73a5151c872292fed1
20190801.0,2009070.5935635804,ChiNext,Baseline portfolio,49a0a4d1fd8f9616a69909cec22531a01219e391bfe1df73a5151c872292fed1
20190802.0,1989252.6129583188,ChiNext,Baseline portfolio,49a0a4d1fd8f9616a69909cec22531a01219e391bfe1df73a5151c872292fed1
20190805.0,1970825.2332291186,ChiNext,Baseline portfolio,49a0a4d1fd8f9616a69909cec22531a01219e391bfe1df73a5151c872292fed1
20190806.0,1951961.7698024572,ChiNext,Baseline portfolio,49a0a4d1fd8f9616a69909cec22531a01219e391bfe1df73a5151c872292fed1
20190807.0,1967562.3466681798,ChiNext,Baseline portfolio,49a0a4d1fd8f9616a69909cec22531a01219e391bfe1df73a5151c872292fed1
20190808.0,1968437.9031725472,ChiNext,Baseline portfolio,49a0a4d1fd8f9616a69909cec22531a01219e391bfe1df73a5151c872292fed1
20190809.0,2034379.4166727546,ChiNext,Baseline portfolio,49a0a4d1fd8f9616a69909cec22531a01219e391bfe1df73a5151c872292fed1
20190812.0,2042244.2370747097,ChiNext,Baseline portfolio,49a0a4d1fd8f9616a69909cec22531a01219e391bfe1df73a5151c872292fed1
20190813.0,2030777.1564721584,ChiNext,Baseline portfolio,49a0a4d1fd8f9616a69909cec22531a01219e391bfe1df73a5151c872292fed1
20190814.0,2046344.0425688843,ChiNext,Baseline portfolio,49a0a4d1fd8f9616a69909cec22531a01219e391bfe1df73a5151c872292fed1
20190815.0,2056337.7912242103,ChiNext,Baseline portfolio,49a0a4d1fd8f9616a69909cec22531a01219e391bfe1df73a5151c872292fed1
20190816.0,2132386.909208863,ChiNext,Baseline portfolio,49a0a4d1fd8f9616a69909cec22531a01219e391bfe1df73a5151c872292fed1
20190819.0,2096970.9007172028,ChiNext,Baseline portfolio,49a0a4d1fd8f9616a69909cec22531a01219e391bfe1df73a5151c872292fed1
20190820.0,2104582.147301575,ChiNext,Baseline portfolio,49a0a4d1fd8f9616a69909cec22531a01219e391bfe1df73a5151c872292fed1
20190821.0,2108981.84478036,ChiNext,Baseline portfolio,49a0a4d1fd8f9616a69909cec22531a01219e391bfe1df73a5151c872292fed1
20190822.0,2123340.5087974877,ChiNext,Baseline portfolio,49a0a4d1fd8f9616a69909cec22531a01219e391bfe1df73a5151c872292fed1
20190823.0,2122519.1313084085,ChiNext,Baseline portfolio,49a0a4d1fd8f9616a69909cec22531a01219e391bfe1df73a5151c872292fed1
20190826.0,2135511.713941593,ChiNext,Baseline portfolio,49a0a4d1fd8f9616a69909cec22531a01219e391bfe1df73a5151c872292fed1
20190827.0,2132818.738423316,ChiNext,Baseline portfolio,49a0a4d1fd8f9616a69909cec22531a01219e391bfe1df73a5151c872292fed1
20190828.0,2129312.9174964554,ChiNext,Baseline portfolio,49a0a4d1fd8f9616a69909cec22531a01219e391bfe1df73a5151c872292fed1
20190829.0,2121146.2623786805,ChiNext,Baseline portfolio,49a0a4d1fd8f9616a69909cec22531a01219e391bfe1df73a5151c872292fed1
20190830.0,2200210.4280313733,ChiNext,Baseline portfolio,49a0a4d1fd8f9616a69909cec22531a01219e391bfe1df73a5151c872292fed1
20190902.0,2212628.680093413,ChiNext,Baseline portfolio,49a0a4d1fd8f9616a69909cec22531a01219e391bfe1df73a5151c872292fed1
20190903.0,2200486.3067106274,ChiNext,Baseline portfolio,49a0a4d1fd8f9616a69909cec22531a01219e391bfe1df73a5151c872292fed1
20190904.0,2242980.7621513978,ChiNext,Baseline portfolio,49a0a4d1fd8f9616a69909cec22531a01219e391bfe1df73a5151c872292fed1
20190905.0,2251840.9655183577,ChiNext,Baseline portfolio,49a0a4d1fd8f9616a69909cec22531a01219e391bfe1df73a5151c872292fed1
20190906.0,2325301.8398810965,ChiNext,Baseline portfolio,49a0a4d1fd8f9616a69909cec22531a01219e391bfe1df73a5151c872292fed1
20190909.0,2304108.927784583,ChiNext,Baseline portfolio,49a0a4d1fd8f9616a69909cec22531a01219e391bfe1df73a5151c872292fed1
20190910.0,2304896.619877768,ChiNext,Baseline portfolio,49a0a4d1fd8f9616a69909cec22531a01219e391bfe1df73a5151c872292fed1
20190911.0,2365504.345531035,ChiNext,Baseline portfolio,49a0a4d1fd8f9616a69909cec22531a01219e391bfe1df73a5151c872292fed1
20190912.0,2494076.0202861233,ChiNext,Baseline portfolio,49a0a4d1fd8f9616a69909cec22531a01219e391bfe1df73a5151c872292fed1
20190916.0,2432264.2940879995,ChiNext,Baseline portfolio,49a0a4d1fd8f9616a69909cec22531a01219e391bfe1df73a5151c872292fed1
20190917.0,2373167.6510871192,ChiNext,Baseline portfolio,49a0a4d1fd8f9616a69909cec22531a01219e391bfe1df73a5151c872292fed1
20190918.0,2399703.2056999477,ChiNext,Baseline portfolio,49a0a4d1fd8f9616a69909cec22531a01219e391bfe1df73a5151c872292fed1
20190919.0,2439503.5567641184,ChiNext,Baseline portfolio,49a0a4d1fd8f9616a69909cec22531a01219e391bfe1df73a5151c872292fed1
20190920.0,2391028.3823617585,ChiNext,Baseline portfolio,49a0a4d1fd8f9616a69909cec22531a01219e391bfe1df73a5151c872292fed1
20190923.0,2385227.024743639,ChiNext,Baseline portfolio,49a0a4d1fd8f9616a69909cec22531a01219e391bfe1df73a5151c872292fed1
20190924.0,2330342.6996891634,ChiNext,Baseline portfolio,49a0a4d1fd8f9616a69909cec22531a01219e391bfe1df73a5151c872292fed1
20190925.0,2194978.4117043396,ChiNext,Baseline portfolio,49a0a4d1fd8f9616a69909cec22531a01219e391bfe1df73a5151c872292fed1
20190926.0,2230419.3861624827,ChiNext,Baseline portfolio,49a0a4d1fd8f9616a69909cec22531a01219e391bfe1df73a5151c872292fed1
20190927.0,2189119.2802629196,ChiNext,Baseline portfolio,49a0a4d1fd8f9616a69909cec22531a01219e391bfe1df73a5151c872292fed1
20190930.0,2172576.664082184,ChiNext,Baseline portfolio,49a0a4d1fd8f9616a69909cec22531a01219e391bfe1df73a5151c872292fed1
20191008.0,2164554.6169826123,ChiNext,Baseline portfolio,49a0a4d1fd8f9616a69909cec22531a01219e391bfe1df73a5151c872292fed1
20191009.0,2254950.260538645,ChiNext,Baseline portfolio,49a0a4d1fd8f9616a69909cec22531a01219e391bfe1df73a5151c872292fed1
20191010.0,2264820.989387284,ChiNext,Baseline portfolio,49a0a4d1fd8f9616a69909cec22531a01219e391bfe1df73a5151c872292fed1
20191011.0,2298476.475554773,ChiNext,Baseline portfolio,49a0a4d1fd8f9616a69909cec22531a01219e391bfe1df73a5151c872292fed1
20191014.0,2283564.998719415,ChiNext,Baseline portfolio,49a0a4d1fd8f9616a69909cec22531a01219e391bfe1df73a5151c872292fed1
20191015.0,2285639.5293837637,ChiNext,Baseline portfolio,49a0a4d1fd8f9616a69909cec22531a01219e391bfe1df73a5151c872292fed1
20191016.0,2294488.6161067747,ChiNext,Baseline portfolio,49a0a4d1fd8f9616a69909cec22531a01219e391bfe1df73a5151c872292fed1
20191017.0,2299859.6801024503,ChiNext,Baseline portfolio,49a0a4d1fd8f9616a69909cec22531a01219e391bfe1df73a5151c872292fed1
20191018.0,2290863.95290936,ChiNext,Baseline portfolio,49a0a4d1fd8f9616a69909cec22531a01219e391bfe1df73a5151c872292fed1
20191021.0,2333433.9661273356,ChiNext,Baseline portfolio,49a0a4d1fd8f9616a69909cec22531a01219e391bfe1df73a5151c872292fed1
20191022.0,2288377.2135715648,ChiNext,Baseline portfolio,49a0a4d1fd8f9616a69909cec22531a01219e391bfe1df73a5151c872292fed1
20191023.0,2266539.4375853697,ChiNext,Baseline portfolio,49a0a4d1fd8f9616a69909cec22531a01219e391bfe1df73a5151c872292fed1
20191024.0,2336478.711031639,ChiNext,Baseline portfolio,49a0a4d1fd8f9616a69909cec22531a01219e391bfe1df73a5151c872292fed1
20191025.0,2368811.263243745,ChiNext,Baseline portfolio,49a0a4d1fd8f9616a69909cec22531a01219e391bfe1df73a5151c872292fed1
20191028.0,2356598.7774692085,ChiNext,Baseline portfolio,49a0a4d1fd8f9616a69909cec22531a01219e391bfe1df73a5151c872292fed1
20191029.0,2352611.9976092014,ChiNext,Baseline portfolio,49a0a4d1fd8f9616a69909cec22531a01219e391bfe1df73a5151c872292fed1
20191030.0,2340366.004866308,ChiNext,Baseline portfolio,49a0a4d1fd8f9616a69909cec22531a01219e391bfe1df73a5151c872292fed1
20191031.0,2353739.04854067,ChiNext,Baseline portfolio,49a0a4d1fd8f9616a69909cec22531a01219e391bfe1df73a5151c872292fed1
20191101.0,2381143.13863559,ChiNext,Baseline portfolio,49a0a4d1fd8f9616a69909cec22531a01219e391bfe1df73a5151c872292fed1
20191104.0,2414322.9343485357,ChiNext,Baseline portfolio,49a0a4d1fd8f9616a69909cec22531a01219e391bfe1df73a5151c872292fed1
20191105.0,2412587.9772437927,ChiNext,Baseline portfolio,49a0a4d1fd8f9616a69909cec22531a01219e391bfe1df73a5151c872292fed1
20191106.0,2451367.2097049565,ChiNext,Baseline portfolio,49a0a4d1fd8f9616a69909cec22531a01219e391bfe1df73a5151c872292fed1
20191107.0,2436712.7835910874,ChiNext,Baseline portfolio,49a0a4d1fd8f9616a69909cec22531a01219e391bfe1df73a5151c872292fed1
20191108.0,2431584.9239343666,ChiNext,Baseline portfolio,49a0a4d1fd8f9616a69909cec22531a01219e391bfe1df73a5151c872292fed1
20191111.0,2437477.8268426927,ChiNext,Baseline portfolio,49a0a4d1fd8f9616a69909cec22531a01219e391bfe1df73a5151c872292fed1
20191112.0,2418974.217597156,ChiNext,Baseline portfolio,49a0a4d1fd8f9616a69909cec22531a01219e391bfe1df73a5151c872292fed1
20191113.0,2461814.5662779245,ChiNext,Baseline portfolio,49a0a4d1fd8f9616a69909cec22531a01219e391bfe1df73a5151c872292fed1
20191114.0,2479555.633602917,ChiNext,Baseline portfolio,49a0a4d1fd8f9616a69909cec22531a01219e391bfe1df73a5151c872292fed1
20191115.0,2413368.7841629414,ChiNext,Baseline portfolio,49a0a4d1fd8f9616a69909cec22531a01219e391bfe1df73a5151c872292fed1
20191118.0,2480210.8185119303,ChiNext,Baseline portfolio,49a0a4d1fd8f9616a69909cec22531a01219e391bfe1df73a5151c872292fed1
20191119.0,2494344.566708702,ChiNext,Baseline portfolio,49a0a4d1fd8f9616a69909cec22531a01219e391bfe1df73a5151c872292fed1
20191120.0,2471752.4590032347,ChiNext,Baseline portfolio,49a0a4d1fd8f9616a69909cec22531a01219e391bfe1df73a5151c872292fed1
20191121.0,2461386.0325998403,ChiNext,Baseline portfolio,49a0a4d1fd8f9616a69909cec22531a01219e391bfe1df73a5151c872292fed1
20191122.0,2365911.0728293853,ChiNext,Baseline portfolio,49a0a4d1fd8f9616a69909cec22531a01219e391bfe1df73a5151c872292fed1
20191125.0,2423400.779876401,ChiNext,Baseline portfolio,49a0a4d1fd8f9616a69909cec22531a01219e391bfe1df73a5151c872292fed1
20191126.0,2509942.327156551,ChiNext,Baseline portfolio,49a0a4d1fd8f9616a69909cec22531a01219e391bfe1df73a5151c872292fed1
20191127.0,2560829.2153607416,ChiNext,Baseline portfolio,49a0a4d1fd8f9616a69909cec22531a01219e391bfe1df73a5151c872292fed1
20191128.0,2539882.7364319814,ChiNext,Baseline portfolio,49a0a4d1fd8f9616a69909cec22531a01219e391bfe1df73a5151c872292fed1
20191129.0,2643383.401269314,ChiNext,Baseline portfolio,49a0a4d1fd8f9616a69909cec22531a01219e391bfe1df73a5151c872292fed1
20191202.0,2669099.6515994105,ChiNext,Baseline portfolio,49a0a4d1fd8f9616a69909cec22531a01219e391bfe1df73a5151c872292fed1
20191203.0,2650115.441188218,ChiNext,Baseline portfolio,49a0a4d1fd8f9616a69909cec22531a01219e391bfe1df73a5151c872292fed1
20191204.0,2671278.357080961,ChiNext,Baseline portfolio,49a0a4d1fd8f9616a69909cec22531a01219e391bfe1df73a5151c872292fed1
20191205.0,2707913.0165391094,ChiNext,Baseline portfolio,49a0a4d1fd8f9616a69909cec22531a01219e391bfe1df73a5151c872292fed1
20191206.0,2712560.272597072,ChiNext,Baseline portfolio,49a0a4d1fd8f9616a69909cec22531a01219e391bfe1df73a5151c872292fed1
20191209.0,2692114.5505562094,ChiNext,Baseline portfolio,49a0a4d1fd8f9616a69909cec22531a01219e391bfe1df73a5151c872292fed1
20191210.0,2677703.75670325,ChiNext,Baseline portfolio,49a0a4d1fd8f9616a69909cec22531a01219e391bfe1df73a5151c872292fed1
20191211.0,2716654.990169146,ChiNext,Baseline portfolio,49a0a4d1fd8f9616a69909cec22531a01219e391bfe1df73a5151c872292fed1
20191212.0,2815248.5715498314,ChiNext,Baseline portfolio,49a0a4d1fd8f9616a69909cec22531a01219e391bfe1df73a5151c872292fed1
20191213.0,2836916.0762646273,ChiNext,Baseline portfolio,49a0a4d1fd8f9616a69909cec22531a01219e391bfe1df73a5151c872292fed1
20191216.0,2873093.900294266,ChiNext,Baseline portfolio,49a0a4d1fd8f9616a69909cec22531a01219e391bfe1df73a5151c872292fed1
20191217.0,2901961.290754934,ChiNext,Baseline portfolio,49a0a4d1fd8f9616a69909cec22531a01219e391bfe1df73a5151c872292fed1
20191218.0,2884292.592423164,ChiNext,Baseline portfolio,49a0a4d1fd8f9616a69909cec22531a01219e391bfe1df73a5151c872292fed1
20191219.0,2827226.633647914,ChiNext,Baseline portfolio,49a0a4d1fd8f9616a69909cec22531a01219e391bfe1df73a5151c872292fed1
20191220.0,2766774.0537810903,ChiNext,Baseline portfolio,49a0a4d1fd8f9616a69909cec22531a01219e391bfe1df73a5151c872292fed1
20191223.0,2902604.150883078,ChiNext,Baseline portfolio,49a0a4d1fd8f9616a69909cec22531a01219e391bfe1df73a5151c872292fed1
20191224.0,2871659.371470543,ChiNext,Baseline portfolio,49a0a4d1fd8f9616a69909cec22531a01219e391bfe1df73a5151c872292fed1
20191225.0,2883618.1298378827,ChiNext,Baseline portfolio,49a0a4d1fd8f9616a69909cec22531a01219e391bfe1df73a5151c872292fed1
20191226.0,2800718.543494009,ChiNext,Baseline portfolio,49a0a4d1fd8f9616a69909cec22531a01219e391bfe1df73a5151c872292fed1
20191227.0,2778007.5889559207,ChiNext,Baseline portfolio,49a0a4d1fd8f9616a69909cec22531a01219e391bfe1df73a5151c872292fed1
20191230.0,2800012.2990102605,ChiNext,Baseline portfolio,49a0a4d1fd8f9616a69909cec22531a01219e391bfe1df73a5151c872292fed1
20191231.0,2917725.461140033,ChiNext,Baseline portfolio,49a0a4d1fd8f9616a69909cec22531a01219e391bfe1df73a5151c872292fed1
20200102.0,2960827.5637300094,ChiNext,Baseline portfolio,49a0a4d1fd8f9616a69909cec22531a01219e391bfe1df73a5151c872292fed1
20200103.0,2977732.31319954,ChiNext,Baseline portfolio,49a0a4d1fd8f9616a69909cec22531a01219e391bfe1df73a5151c872292fed1
20200106.0,2998920.3433766584,ChiNext,Baseline portfolio,49a0a4d1fd8f9616a69909cec22531a01219e391bfe1df73a5151c872292fed1
20200107.0,2986114.088769924,ChiNext,Baseline portfolio,49a0a4d1fd8f9616a69909cec22531a01219e391bfe1df73a5151c872292fed1
20200108.0,3031047.466691515,ChiNext,Baseline portfolio,49a0a4d1fd8f9616a69909cec22531a01219e391bfe1df73a5151c872292fed1
20200109.0,3023902.1512849643,ChiNext,Baseline portfolio,49a0a4d1fd8f9616a69909cec22531a01219e391bfe1df73a5151c872292fed1
20200110.0,3100305.7857300863,ChiNext,Baseline portfolio,49a0a4d1fd8f9616a69909cec22531a01219e391bfe1df73a5151c872292fed1
20200113.0,3085864.3552604243,ChiNext,Baseline portfolio,49a0a4d1fd8f9616a69909cec22531a01219e391bfe1df73a5151c872292fed1
20200114.0,3080102.3418270433,ChiNext,Baseline portfolio,49a0a4d1fd8f9616a69909cec22531a01219e391bfe1df73a5151c872292fed1
20200115.0,3098836.9228858138,ChiNext,Baseline portfolio,49a0a4d1fd8f9616a69909cec22531a01219e391bfe1df73a5151c872292fed1
20200116.0,3149336.4720727205,ChiNext,Baseline portfolio,49a0a4d1fd8f9616a69909cec22531a01219e391bfe1df73a5151c872292fed1
20200117.0,3210092.135141239,ChiNext,Baseline portfolio,49a0a4d1fd8f9616a69909cec22531a01219e391bfe1df73a5151c872292fed1
20200120.0,3167950.726161329,ChiNext,Baseline portfolio,49a0a4d1fd8f9616a69909cec22531a01219e391bfe1df73a5151c872292fed1
20200121.0,3218979.2405148563,ChiNext,Baseline portfolio,49a0a4d1fd8f9616a69909cec22531a01219e391bfe1df73a5151c872292fed1
20200122.0,3096275.814138771,ChiNext,Baseline portfolio,49a0a4d1fd8f9616a69909cec22531a01219e391bfe1df73a5151c872292fed1
20200123.0,2857224.8840624853,ChiNext,Baseline portfolio,49a0a4d1fd8f9616a69909cec22531a01219e391bfe1df73a5151c872292fed1
20200203.0,3065932.3448591917,ChiNext,Baseline portfolio,49a0a4d1fd8f9616a69909cec22531a01219e391bfe1df73a5151c872292fed1
20200204.0,3264124.6882850374,ChiNext,Baseline portfolio,49a0a4d1fd8f9616a69909cec22531a01219e391bfe1df73a5151c872292fed1
20200205.0,3369178.107323706,ChiNext,Baseline portfolio,49a0a4d1fd8f9616a69909cec22531a01219e391bfe1df73a5151c872292fed1
20200206.0,3499286.422854059,ChiNext,Baseline portfolio,49a0a4d1fd8f9616a69909cec22531a01219e391bfe1df73a5151c872292fed1
20200207.0,3509147.300981862,ChiNext,Baseline portfolio,49a0a4d1fd8f9616a69909cec22531a01219e391bfe1df73a5151c872292fed1
20200210.0,3436646.9958368083,ChiNext,Baseline portfolio,49a0a4d1fd8f9616a69909cec22531a01219e391bfe1df73a5151c872292fed1
20200211.0,3598306.633705746,ChiNext,Baseline portfolio,49a0a4d1fd8f9616a69909cec22531a01219e391bfe1df73a5151c872292fed1
20200212.0,3559124.3972017984,ChiNext,Baseline portfolio,49a0a4d1fd8f9616a69909cec22531a01219e391bfe1df73a5151c872292fed1
20200213.0,3538677.157208924,ChiNext,Baseline portfolio,49a0a4d1fd8f9616a69909cec22531a01219e391bfe1df73a5151c872292fed1
20200214.0,3676462.3669717563,ChiNext,Baseline portfolio,49a0a4d1fd8f9616a69909cec22531a01219e391bfe1df73a5151c872292fed1
20200217.0,3722288.132589114,ChiNext,Baseline portfolio,49a0a4d1fd8f9616a69909cec22531a01219e391bfe1df73a5151c872292fed1
20200218.0,3818966.0660336623,ChiNext,Baseline portfolio,49a0a4d1fd8f9616a69909cec22531a01219e391bfe1df73a5151c872292fed1
20200219.0,3944236.639408289,ChiNext,Baseline portfolio,49a0a4d1fd8f9616a69909cec22531a01219e391bfe1df73a5151c872292fed1
20200220.0,3984064.4865617207,ChiNext,Baseline portfolio,49a0a4d1fd8f9616a69909cec22531a01219e391bfe1df73a5151c872292fed1
20200221.0,4150831.6917058635,ChiNext,Baseline portfolio,49a0a4d1fd8f9616a69909cec22531a01219e391bfe1df73a5151c872292fed1
20200224.0,4159310.278003677,ChiNext,Baseline portfolio,49a0a4d1fd8f9616a69909cec22531a01219e391bfe1df73a5151c872292fed1
20200225.0,3906706.075102893,ChiNext,Baseline portfolio,49a0a4d1fd8f9616a69909cec22531a01219e391bfe1df73a5151c872292fed1
20200226.0,3887398.5161767574,ChiNext,Baseline portfolio,49a0a4d1fd8f9616a69909cec22531a01219e391bfe1df73a5151c872292fed1
20200227.0,3692179.5208893227,ChiNext,Baseline portfolio,49a0a4d1fd8f9616a69909cec22531a01219e391bfe1df73a5151c872292fed1
20200228.0,3787513.510535781,ChiNext,Baseline portfolio,49a0a4d1fd8f9616a69909cec22531a01219e391bfe1df73a5151c872292fed1
20200302.0,3836074.3083602623,ChiNext,Baseline portfolio,49a0a4d1fd8f9616a69909cec22531a01219e391bfe1df73a5151c872292fed1
20200303.0,3847141.417782675,ChiNext,Baseline portfolio,49a0a4d1fd8f9616a69909cec22531a01219e391bfe1df73a5151c872292fed1
20200304.0,3911401.708341131,ChiNext,Baseline portfolio,49a0a4d1fd8f9616a69909cec22531a01219e391bfe1df73a5151c872292fed1
20200305.0,3910667.708845431,ChiNext,Baseline portfolio,49a0a4d1fd8f9616a69909cec22531a01219e391bfe1df73a5151c872292fed1
20200306.0,3731935.30744531,ChiNext,Baseline portfolio,49a0a4d1fd8f9616a69909cec22531a01219e391bfe1df73a5151c872292fed1
20200309.0,3863729.76443473,ChiNext,Baseline portfolio,49a0a4d1fd8f9616a69909cec22531a01219e391bfe1df73a5151c872292fed1
20200310.0,3810136.027464218,ChiNext,Baseline portfolio,49a0a4d1fd8f9616a69909cec22531a01219e391bfe1df73a5151c872292fed1
20200311.0,3738882.8248746586,ChiNext,Baseline portfolio,49a0a4d1fd8f9616a69909cec22531a01219e391bfe1df73a5151c872292fed1
20200312.0,3709751.4924357086,ChiNext,Baseline portfolio,49a0a4d1fd8f9616a69909cec22531a01219e391bfe1df73a5151c872292fed1
20200313.0,3523193.194094346,ChiNext,Baseline portfolio,49a0a4d1fd8f9616a69909cec22531a01219e391bfe1df73a5151c872292fed1
20200316.0,3545307.4548051516,ChiNext,Baseline portfolio,49a0a4d1fd8f9616a69909cec22531a01219e391bfe1df73a5151c872292fed1
20200317.0,3506818.8026414136,ChiNext,Baseline portfolio,49a0a4d1fd8f9616a69909cec22531a01219e391bfe1df73a5151c872292fed1
20200318.0,3547807.6425104146,ChiNext,Baseline portfolio,49a0a4d1fd8f9616a69909cec22531a01219e391bfe1df73a5151c872292fed1
20200319.0,3656333.626218557,ChiNext,Baseline portfolio,49a0a4d1fd8f9616a69909cec22531a01219e391bfe1df73a5151c872292fed1
20200320.0,3477341.1940529104,ChiNext,Baseline portfolio,49a0a4d1fd8f9616a69909cec22531a01219e391bfe1df73a5151c872292fed1
20200323.0,3492932.0956853367,ChiNext,Baseline portfolio,49a0a4d1fd8f9616a69909cec22531a01219e391bfe1df73a5151c872292fed1
20200324.0,3557043.3644757243,ChiNext,Baseline portfolio,49a0a4d1fd8f9616a69909cec22531a01219e391bfe1df73a5151c872292fed1
20200325.0,3672684.535999096,ChiNext,Baseline portfolio,49a0a4d1fd8f9616a69909cec22531a01219e391bfe1df73a5151c872292fed1
20200326.0,3570826.5412854617,ChiNext,Baseline portfolio,49a0a4d1fd8f9616a69909cec22531a01219e391bfe1df73a5151c872292fed1
20200327.0,3441276.069216144,ChiNext,Baseline portfolio,49a0a4d1fd8f9616a69909cec22531a01219e391bfe1df73a5151c872292fed1
20200330.0,3485079.84905177,ChiNext,Baseline portfolio,49a0a4d1fd8f9616a69909cec22531a01219e391bfe1df73a5151c872292fed1
20200331.0,3454140.177026157,ChiNext,Baseline portfolio,49a0a4d1fd8f9616a69909cec22531a01219e391bfe1df73a5151c872292fed1
20200401.0,3558866.2698323173,ChiNext,Baseline portfolio,49a0a4d1fd8f9616a69909cec22531a01219e391bfe1df73a5151c872292fed1
20200402.0,3555456.092250437,ChiNext,Baseline portfolio,49a0a4d1fd8f9616a69909cec22531a01219e391bfe1df73a5151c872292fed1
20200403.0,3685172.369529579,ChiNext,Baseline portfolio,49a0a4d1fd8f9616a69909cec22531a01219e391bfe1df73a5151c872292fed1
20200407.0,3621121.3317935616,ChiNext,Baseline portfolio,49a0a4d1fd8f9616a69909cec22531a01219e391bfe1df73a5151c872292fed1
20200408.0,3669998.9657305744,ChiNext,Baseline portfolio,49a0a4d1fd8f9616a69909cec22531a01219e391bfe1df73a5151c872292fed1
20200409.0,3583814.5260640015,ChiNext,Baseline portfolio,49a0a4d1fd8f9616a69909cec22531a01219e391bfe1df73a5151c872292fed1
20200410.0,3550461.0167460875,ChiNext,Baseline portfolio,49a0a4d1fd8f9616a69909cec22531a01219e391bfe1df73a5151c872292fed1
20200413.0,3638350.2888660836,ChiNext,Baseline portfolio,49a0a4d1fd8f9616a69909cec22531a01219e391bfe1df73a5151c872292fed1
20200414.0,3629065.8697674805,ChiNext,Baseline portfolio,49a0a4d1fd8f9616a69909cec22531a01219e391bfe1df73a5151c872292fed1
20200415.0,3673801.3949670563,ChiNext,Baseline portfolio,49a0a4d1fd8f9616a69909cec22531a01219e391bfe1df73a5151c872292fed1
20200416.0,3693689.1893007015,ChiNext,Baseline portfolio,49a0a4d1fd8f9616a69909cec22531a01219e391bfe1df73a5151c872292fed1
20200417.0,3748566.7736466196,ChiNext,Baseline portfolio,49a0a4d1fd8f9616a69909cec22531a01219e391bfe1df73a5151c872292fed1
20200420.0,3699569.8249102123,ChiNext,Baseline portfolio,49a0a4d1fd8f9616a69909cec22531a01219e391bfe1df73a5151c872292fed1
20200421.0,3736030.3376710913,ChiNext,Baseline portfolio,49a0a4d1fd8f9616a69909cec22531a01219e391bfe1df73a5151c872292fed1
20200422.0,3699341.0110564064,ChiNext,Baseline portfolio,49a0a4d1fd8f9616a69909cec22531a01219e391bfe1df73a5151c872292fed1
20200423.0,3657980.7097879783,ChiNext,Baseline portfolio,49a0a4d1fd8f9616a69909cec22531a01219e391bfe1df73a5151c872292fed1
20200424.0,3667628.6703336225,ChiNext,Baseline portfolio,49a0a4d1fd8f9616a69909cec22531a01219e391bfe1df73a5151c872292fed1
20200427.0,3719324.303053002,ChiNext,Baseline portfolio,49a0a4d1fd8f9616a69909cec22531a01219e391bfe1df73a5151c872292fed1
20200428.0,3732852.5950082606,ChiNext,Baseline portfolio,49a0a4d1fd8f9616a69909cec22531a01219e391bfe1df73a5151c872292fed1
20200429.0,3786844.34664012,ChiNext,Baseline portfolio,49a0a4d1fd8f9616a69909cec22531a01219e391bfe1df73a5151c872292fed1
20200430.0,3877481.019341202,ChiNext,Baseline portfolio,49a0a4d1fd8f9616a69909cec22531a01219e391bfe1df73a5151c872292fed1
20200506.0,3842903.2121293326,ChiNext,Baseline portfolio,49a0a4d1fd8f9616a69909cec22531a01219e391bfe1df73a5151c872292fed1
20200507.0,3903347.969672024,ChiNext,Baseline portfolio,49a0a4d1fd8f9616a69909cec22531a01219e391bfe1df73a5151c872292fed1
20200508.0,3920278.150945845,ChiNext,Baseline portfolio,49a0a4d1fd8f9616a69909cec22531a01219e391bfe1df73a5151c872292fed1
20200511.0,3939779.2085565296,ChiNext,Baseline portfolio,49a0a4d1fd8f9616a69909cec22531a01219e391bfe1df73a5151c872292fed1
20200512.0,3999329.6280687996,ChiNext,Baseline portfolio,49a0a4d1fd8f9616a69909cec22531a01219e391bfe1df73a5151c872292fed1
20200513.0,4025712.338306299,ChiNext,Baseline portfolio,49a0a4d1fd8f9616a69909cec22531a01219e391bfe1df73a5151c872292fed1
20200514.0,4096158.9951959485,ChiNext,Baseline portfolio,49a0a4d1fd8f9616a69909cec22531a01219e391bfe1df73a5151c872292fed1
20200515.0,4072087.872930281,ChiNext,Baseline portfolio,49a0a4d1fd8f9616a69909cec22531a01219e391bfe1df73a5151c872292fed1
20200518.0,4276604.129030154,ChiNext,Baseline portfolio,49a0a4d1fd8f9616a69909cec22531a01219e391bfe1df73a5151c872292fed1
20200519.0,4202118.304637147,ChiNext,Baseline portfolio,49a0a4d1fd8f9616a69909cec22531a01219e391bfe1df73a5151c872292fed1
20200520.0,4115004.9861058635,ChiNext,Baseline portfolio,49a0a4d1fd8f9616a69909cec22531a01219e391bfe1df73a5151c872292fed1
20200521.0,4066808.571581994,ChiNext,Baseline portfolio,49a0a4d1fd8f9616a69909cec22531a01219e391bfe1df73a5151c872292fed1
20200522.0,4128370.1541305897,ChiNext,Baseline portfolio,49a0a4d1fd8f9616a69909cec22531a01219e391bfe1df73a5151c872292fed1
20200525.0,4444722.423082906,ChiNext,Baseline portfolio,49a0a4d1fd8f9616a69909cec22531a01219e391bfe1df73a5151c872292fed1
20200526.0,4560039.77984801,ChiNext,Baseline portfolio,49a0a4d1fd8f9616a69909cec22531a01219e391bfe1df73a5151c872292fed1
20200527.0,4531151.41452049,ChiNext,Baseline portfolio,49a0a4d1fd8f9616a69909cec22531a01219e391bfe1df73a5151c872292fed1
20200528.0,4643932.643002275,ChiNext,Baseline portfolio,49a0a4d1fd8f9616a69909cec22531a01219e391bfe1df73a5151c872292fed1
20200529.0,4872880.8953231545,ChiNext,Baseline portfolio,49a0a4d1fd8f9616a69909cec22531a01219e391bfe1df73a5151c872292fed1
20200601.0,4806806.500853358,ChiNext,Baseline portfolio,49a0a4d1fd8f9616a69909cec22531a01219e391bfe1df73a5151c872292fed1
20200602.0,4831125.412437454,ChiNext,Baseline portfolio,49a0a4d1fd8f9616a69909cec22531a01219e391bfe1df73a5151c872292fed1
20200603.0,4915596.350099801,ChiNext,Baseline portfolio,49a0a4d1fd8f9616a69909cec22531a01219e391bfe1df73a5151c872292fed1
20200604.0,4984842.62375881,ChiNext,Baseline portfolio,49a0a4d1fd8f9616a69909cec22531a01219e391bfe1df73a5151c872292fed1
20200605.0,4954929.637579555,ChiNext,Baseline portfolio,49a0a4d1fd8f9616a69909cec22531a01219e391bfe1df73a5151c872292fed1
20200608.0,4979757.193968076,ChiNext,Baseline portfolio,49a0a4d1fd8f9616a69909cec22531a01219e391bfe1df73a5151c872292fed1
20200609.0,5118323.558178241,ChiNext,Baseline portfolio,49a0a4d1fd8f9616a69909cec22531a01219e391bfe1df73a5151c872292fed1
20200610.0,5088358.389243169,ChiNext,Baseline portfolio,49a0a4d1fd8f9616a69909cec22531a01219e391bfe1df73a5151c872292fed1
20200611.0,5007799.654406814,ChiNext,Baseline portfolio,49a0a4d1fd8f9616a69909cec22531a01219e391bfe1df73a5151c872292fed1
20200612.0,5126753.136513878,ChiNext,Baseline portfolio,49a0a4d1fd8f9616a69909cec22531a01219e391bfe1df73a5151c872292fed1
20200615.0,5256107.643644817,ChiNext,Baseline portfolio,49a0a4d1fd8f9616a69909cec22531a01219e391bfe1df73a5151c872292fed1
20200616.0,5284885.005854877,ChiNext,Baseline portfolio,49a0a4d1fd8f9616a69909cec22531a01219e391bfe1df73a5151c872292fed1
20200617.0,5208179.22322919,ChiNext,Baseline portfolio,49a0a4d1fd8f9616a69909cec22531a01219e391bfe1df73a5151c872292fed1
20200618.0,5315093.225336529,ChiNext,Baseline portfolio,49a0a4d1fd8f9616a69909cec22531a01219e391bfe1df73a5151c872292fed1
20200619.0,5384619.225119978,ChiNext,Baseline portfolio,49a0a4d1fd8f9616a69909cec22531a01219e391bfe1df73a5151c872292fed1
20200622.0,5394855.257387607,ChiNext,Baseline portfolio,49a0a4d1fd8f9616a69909cec22531a01219e391bfe1df73a5151c872292fed1
20200623.0,5389695.408106266,ChiNext,Baseline portfolio,49a0a4d1fd8f9616a69909cec22531a01219e391bfe1df73a5151c872292fed1
20200624.0,5403232.525837807,ChiNext,Baseline portfolio,49a0a4d1fd8f9616a69909cec22531a01219e391bfe1df73a5151c872292fed1
20200629.0,5584196.694230924,ChiNext,Baseline portfolio,49a0a4d1fd8f9616a69909cec22531a01219e391bfe1df73a5151c872292fed1
20200630.0,5606893.440056919,ChiNext,Baseline portfolio,49a0a4d1fd8f9616a69909cec22531a01219e391bfe1df73a5151c872292fed1
20200701.0,5594134.960843033,ChiNext,Baseline portfolio,49a0a4d1fd8f9616a69909cec22531a01219e391bfe1df73a5151c872292fed1
20200702.0,5622571.767533749,ChiNext,Baseline portfolio,49a0a4d1fd8f9616a69909cec22531a01219e391bfe1df73a5151c872292fed1
20200703.0,5853718.253824793,ChiNext,Baseline portfolio,49a0a4d1fd8f9616a69909cec22531a01219e391bfe1df73a5151c872292fed1
20200706.0,6047293.663432221,ChiNext,Baseline portfolio,49a0a4d1fd8f9616a69909cec22531a01219e391bfe1df73a5151c872292fed1
20200707.0,6181280.324047888,ChiNext,Baseline portfolio,49a0a4d1fd8f9616a69909cec22531a01219e391bfe1df73a5151c872292fed1
20200708.0,6416759.419164471,ChiNext,Baseline portfolio,49a0a4d1fd8f9616a69909cec22531a01219e391bfe1df73a5151c872292fed1
20200709.0,6380334.54081621,ChiNext,Baseline portfolio,49a0a4d1fd8f9616a69909cec22531a01219e391bfe1df73a5151c872292fed1
20200710.0,6633002.47184975,ChiNext,Baseline portfolio,49a0a4d1fd8f9616a69909cec22531a01219e391bfe1df73a5151c872292fed1
20200713.0,6584630.364797302,ChiNext,Baseline portfolio,49a0a4d1fd8f9616a69909cec22531a01219e391bfe1df73a5151c872292fed1
20200714.0,6441163.43815014,ChiNext,Baseline portfolio,49a0a4d1fd8f9616a69909cec22531a01219e391bfe1df73a5151c872292fed1
20200715.0,6020072.81142457,ChiNext,Baseline portfolio,49a0a4d1fd8f9616a69909cec22531a01219e391bfe1df73a5151c872292fed1
20200716.0,6108550.041417613,ChiNext,Baseline portfolio,49a0a4d1fd8f9616a69909cec22531a01219e391bfe1df73a5151c872292fed1
20200717.0,6301614.349395059,ChiNext,Baseline portfolio,49a0a4d1fd8f9616a69909cec22531a01219e391bfe1df73a5151c872292fed1
20200720.0,6313995.725959293,ChiNext,Baseline portfolio,49a0a4d1fd8f9616a69909cec22531a01219e391bfe1df73a5151c872292fed1
20200721.0,6428538.997860017,ChiNext,Baseline portfolio,49a0a4d1fd8f9616a69909cec22531a01219e391bfe1df73a5151c872292fed1
20200722.0,6610620.381467901,ChiNext,Baseline portfolio,49a0a4d1fd8f9616a69909cec22531a01219e391bfe1df73a5151c872292fed1
20200723.0,6238461.53890292,ChiNext,Baseline portfolio,49a0a4d1fd8f9616a69909cec22531a01219e391bfe1df73a5151c872292fed1
20200724.0,6260668.738159424,ChiNext,Baseline portfolio,49a0a4d1fd8f9616a69909cec22531a01219e391bfe1df73a5151c872292fed1
20200727.0,6234340.725086733,ChiNext,Baseline portfolio,49a0a4d1fd8f9616a69909cec22531a01219e391bfe1df73a5151c872292fed1
20200728.0,6487470.6346212085,ChiNext,Baseline portfolio,49a0a4d1fd8f9616a69909cec22531a01219e391bfe1df73a5151c872292fed1
20200729.0,6435904.854266706,ChiNext,Baseline portfolio,49a0a4d1fd8f9616a69909cec22531a01219e391bfe1df73a5151c872292fed1
20200730.0,6627969.9731967095,ChiNext,Baseline portfolio,49a0a4d1fd8f9616a69909cec22531a01219e391bfe1df73a5151c872292fed1
20200731.0,6927210.458137157,ChiNext,Baseline portfolio,49a0a4d1fd8f9616a69909cec22531a01219e391bfe1df73a5151c872292fed1
20200803.0,6953725.064038989,ChiNext,Baseline portfolio,49a0a4d1fd8f9616a69909cec22531a01219e391bfe1df73a5151c872292fed1
20200804.0,7086879.555239475,ChiNext,Baseline portfolio,49a0a4d1fd8f9616a69909cec22531a01219e391bfe1df73a5151c872292fed1
20200805.0,7052266.316981829,ChiNext,Baseline portfolio,49a0a4d1fd8f9616a69909cec22531a01219e391bfe1df73a5151c872292fed1
20200806.0,6967276.377506076,ChiNext,Baseline portfolio,49a0a4d1fd8f9616a69909cec22531a01219e391bfe1df73a5151c872292fed1
20200807.0,6874321.5026459545,ChiNext,Baseline portfolio,49a0a4d1fd8f9616a69909cec22531a01219e391bfe1df73a5151c872292fed1
20200810.0,6855332.454618114,ChiNext,Baseline portfolio,49a0a4d1fd8f9616a69909cec22531a01219e391bfe1df73a5151c872292fed1
20200811.0,6662393.899632837,ChiNext,Baseline portfolio,49a0a4d1fd8f9616a69909cec22531a01219e391bfe1df73a5151c872292fed1
20200812.0,6654944.857975796,ChiNext,Baseline portfolio,49a0a4d1fd8f9616a69909cec22531a01219e391bfe1df73a5151c872292fed1
20200813.0,6712830.197575136,ChiNext,Baseline portfolio,49a0a4d1fd8f9616a69909cec22531a01219e391bfe1df73a5151c872292fed1
20200814.0,6914464.993590164,ChiNext,Baseline portfolio,49a0a4d1fd8f9616a69909cec22531a01219e391bfe1df73a5151c872292fed1
20200817.0,6932509.567375363,ChiNext,Baseline portfolio,49a0a4d1fd8f9616a69909cec22531a01219e391bfe1df73a5151c872292fed1
20200818.0,6750959.993332656,ChiNext,Baseline portfolio,49a0a4d1fd8f9616a69909cec22531a01219e391bfe1df73a5151c872292fed1
20200819.0,6611797.3162785545,ChiNext,Baseline portfolio,49a0a4d1fd8f9616a69909cec22531a01219e391bfe1df73a5151c872292fed1
20200820.0,6707274.89325659,ChiNext,Baseline portfolio,49a0a4d1fd8f9616a69909cec22531a01219e391bfe1df73a5151c872292fed1
20200821.0,6812535.049897674,ChiNext,Baseline portfolio,49a0a4d1fd8f9616a69909cec22531a01219e391bfe1df73a5151c872292fed1
20200824.0,6890663.626695019,ChiNext,Baseline portfolio,49a0a4d1fd8f9616a69909cec22531a01219e391bfe1df73a5151c872292fed1
20200825.0,6732291.834054193,ChiNext,Baseline portfolio,49a0a4d1fd8f9616a69909cec22531a01219e391bfe1df73a5151c872292fed1
20200826.0,6781110.786721943,ChiNext,Baseline portfolio,49a0a4d1fd8f9616a69909cec22531a01219e391bfe1df73a5151c872292fed1
20200827.0,6903705.461310321,ChiNext,Baseline portfolio,49a0a4d1fd8f9616a69909cec22531a01219e391bfe1df73a5151c872292fed1
20200828.0,6895348.441344399,ChiNext,Baseline portfolio,49a0a4d1fd8f9616a69909cec22531a01219e391bfe1df73a5151c872292fed1
20200831.0,6953268.841346856,ChiNext,Baseline portfolio,49a0a4d1fd8f9616a69909cec22531a01219e391bfe1df73a5151c872292fed1
20200901.0,7029060.717003175,ChiNext,Baseline portfolio,49a0a4d1fd8f9616a69909cec22531a01219e391bfe1df73a5151c872292fed1
20200902.0,6967031.524638583,ChiNext,Baseline portfolio,49a0a4d1fd8f9616a69909cec22531a01219e391bfe1df73a5151c872292fed1
20200903.0,6984984.355545351,ChiNext,Baseline portfolio,49a0a4d1fd8f9616a69909cec22531a01219e391bfe1df73a5151c872292fed1
20200904.0,6863576.937395239,ChiNext,Baseline portfolio,49a0a4d1fd8f9616a69909cec22531a01219e391bfe1df73a5151c872292fed1
20200907.0,6979286.53385219,ChiNext,Baseline portfolio,49a0a4d1fd8f9616a69909cec22531a01219e391bfe1df73a5151c872292fed1
20200908.0,6742047.232613419,ChiNext,Baseline portfolio,49a0a4d1fd8f9616a69909cec22531a01219e391bfe1df73a5151c872292fed1
20200909.0,6493059.398868111,ChiNext,Baseline portfolio,49a0a4d1fd8f9616a69909cec22531a01219e391bfe1df73a5151c872292fed1
20200910.0,6661405.29387292,ChiNext,Baseline portfolio,49a0a4d1fd8f9616a69909cec22531a01219e391bfe1df73a5151c872292fed1
20200911.0,6826968.994419661,ChiNext,Baseline portfolio,49a0a4d1fd8f9616a69909cec22531a01219e391bfe1df73a5151c872292fed1
20200914.0,6982854.845476271,ChiNext,Baseline portfolio,49a0a4d1fd8f9616a69909cec22531a01219e391bfe1df73a5151c872292fed1
20200915.0,6927963.732064975,ChiNext,Baseline portfolio,49a0a4d1fd8f9616a69909cec22531a01219e391bfe1df73a5151c872292fed1
20200916.0,6876191.8495534025,ChiNext,Baseline portfolio,49a0a4d1fd8f9616a69909cec22531a01219e391bfe1df73a5151c872292fed1
20200917.0,6892714.136045046,ChiNext,Baseline portfolio,49a0a4d1fd8f9616a69909cec22531a01219e391bfe1df73a5151c872292fed1
20200918.0,6902507.996079586,ChiNext,Baseline portfolio,49a0a4d1fd8f9616a69909cec22531a01219e391bfe1df73a5151c872292fed1
20200921.0,6710644.05886313,ChiNext,Baseline portfolio,49a0a4d1fd8f9616a69909cec22531a01219e391bfe1df73a5151c872292fed1
20200922.0,6806155.904674838,ChiNext,Baseline portfolio,49a0a4d1fd8f9616a69909cec22531a01219e391bfe1df73a5151c872292fed1
20200923.0,6652154.846769446,ChiNext,Baseline portfolio,49a0a4d1fd8f9616a69909cec22531a01219e391bfe1df73a5151c872292fed1
20200924.0,6694474.674671005,ChiNext,Baseline portfolio,49a0a4d1fd8f9616a69909cec22531a01219e391bfe1df73a5151c872292fed1
20200925.0,6623571.471081046,ChiNext,Baseline portfolio,49a0a4d1fd8f9616a69909cec22531a01219e391bfe1df73a5151c872292fed1
20200928.0,6793373.785434115,ChiNext,Baseline portfolio,49a0a4d1fd8f9616a69909cec22531a01219e391bfe1df73a5151c872292fed1
20200929.0,6767790.225987452,ChiNext,Baseline portfolio,49a0a4d1fd8f9616a69909cec22531a01219e391bfe1df73a5151c872292fed1
20200930.0,6991989.991690318,ChiNext,Baseline portfolio,49a0a4d1fd8f9616a69909cec22531a01219e391bfe1df73a5151c872292fed1
20201009.0,7232198.12989214,ChiNext,Baseline portfolio,49a0a4d1fd8f9616a69909cec22531a01219e391bfe1df73a5151c872292fed1
20201012.0,7385781.861903375,ChiNext,Baseline portfolio,49a0a4d1fd8f9616a69909cec22531a01219e391bfe1df73a5151c872292fed1
20201013.0,7352588.5246554,ChiNext,Baseline portfolio,49a0a4d1fd8f9616a69909cec22531a01219e391bfe1df73a5151c872292fed1
20201014.0,7278998.927495765,ChiNext,Baseline portfolio,49a0a4d1fd8f9616a69909cec22531a01219e391bfe1df73a5151c872292fed1
20201015.0,7205537.971421324,ChiNext,Baseline portfolio,49a0a4d1fd8f9616a69909cec22531a01219e391bfe1df73a5151c872292fed1
20201016.0,7161085.291279845,ChiNext,Baseline portfolio,49a0a4d1fd8f9616a69909cec22531a01219e391bfe1df73a5151c872292fed1
20201019.0,7347245.091279297,ChiNext,Baseline portfolio,49a0a4d1fd8f9616a69909cec22531a01219e391bfe1df73a5151c872292fed1
20201020.0,7195006.648673382,ChiNext,Baseline portfolio,49a0a4d1fd8f9616a69909cec22531a01219e391bfe1df73a5151c872292fed1
20201021.0,7042944.092940133,ChiNext,Baseline portfolio,49a0a4d1fd8f9616a69909cec22531a01219e391bfe1df73a5151c872292fed1
20201022.0,6796421.558436238,ChiNext,Baseline portfolio,49a0a4d1fd8f9616a69909cec22531a01219e391bfe1df73a5151c872292fed1
20201023.0,6863371.08696293,ChiNext,Baseline portfolio,49a0a4d1fd8f9616a69909cec22531a01219e391bfe1df73a5151c872292fed1
20201026.0,6917871.148137928,ChiNext,Baseline portfolio,49a0a4d1fd8f9616a69909cec22531a01219e391bfe1df73a5151c872292fed1
20201027.0,6981154.506355451,ChiNext,Baseline portfolio,49a0a4d1fd8f9616a69909cec22531a01219e391bfe1df73a5151c872292fed1
20201028.0,6964393.560459509,ChiNext,Baseline portfolio,49a0a4d1fd8f9616a69909cec22531a01219e391bfe1df73a5151c872292fed1
20201029.0,6847018.630540045,ChiNext,Baseline portfolio,49a0a4d1fd8f9616a69909cec22531a01219e391bfe1df73a5151c872292fed1
20201030.0,6945992.765825334,ChiNext,Baseline portfolio,49a0a4d1fd8f9616a69909cec22531a01219e391bfe1df73a5151c872292fed1
20201102.0,7042569.913257987,ChiNext,Baseline portfolio,49a0a4d1fd8f9616a69909cec22531a01219e391bfe1df73a5151c872292fed1
20201103.0,7029664.4803120345,ChiNext,Baseline portfolio,49a0a4d1fd8f9616a69909cec22531a01219e391bfe1df73a5151c872292fed1
20201104.0,7293081.886901872,ChiNext,Baseline portfolio,49a0a4d1fd8f9616a69909cec22531a01219e391bfe1df73a5151c872292fed1
20201105.0,7115648.225595277,ChiNext,Baseline portfolio,49a0a4d1fd8f9616a69909cec22531a01219e391bfe1df73a5151c872292fed1
20201106.0,7404419.61824438,ChiNext,Baseline portfolio,49a0a4d1fd8f9616a69909cec22531a01219e391bfe1df73a5151c872292fed1
20201109.0,7261955.954976684,ChiNext,Baseline portfolio,49a0a4d1fd8f9616a69909cec22531a01219e391bfe1df73a5151c872292fed1
20201110.0,6902568.609739376,ChiNext,Baseline portfolio,49a0a4d1fd8f9616a69909cec22531a01219e391bfe1df73a5151c872292fed1
20201111.0,6953166.509402271,ChiNext,Baseline portfolio,49a0a4d1fd8f9616a69909cec22531a01219e391bfe1df73a5151c872292fed1
20201112.0,6918731.65995663,ChiNext,Baseline portfolio,49a0a4d1fd8f9616a69909cec22531a01219e391bfe1df73a5151c872292fed1
20201113.0,6919776.179331364,ChiNext,Baseline portfolio,49a0a4d1fd8f9616a69909cec22531a01219e391bfe1df73a5151c872292fed1
20201116.0,6893026.054248541,ChiNext,Baseline portfolio,49a0a4d1fd8f9616a69909cec22531a01219e391bfe1df73a5151c872292fed1
20201117.0,6846531.178365171,ChiNext,Baseline portfolio,49a0a4d1fd8f9616a69909cec22531a01219e391bfe1df73a5151c872292fed1
20201118.0,6944900.764348015,ChiNext,Baseline portfolio,49a0a4d1fd8f9616a69909cec22531a01219e391bfe1df73a5151c872292fed1
20201119.0,7055354.964083445,ChiNext,Baseline portfolio,49a0a4d1fd8f9616a69909cec22531a01219e391bfe1df73a5151c872292fed1
20201120.0,7061039.3972229175,ChiNext,Baseline portfolio,49a0a4d1fd8f9616a69909cec22531a01219e391bfe1df73a5151c872292fed1
20201123.0,7067863.70658425,ChiNext,Baseline portfolio,49a0a4d1fd8f9616a69909cec22531a01219e391bfe1df73a5151c872292fed1
20201124.0,7004914.48748984,ChiNext,Baseline portfolio,49a0a4d1fd8f9616a69909cec22531a01219e391bfe1df73a5151c872292fed1
20201125.0,7217438.63033511,ChiNext,Baseline portfolio,49a0a4d1fd8f9616a69909cec22531a01219e391bfe1df73a5151c872292fed1
20201126.0,7370493.857441668,ChiNext,Baseline portfolio,49a0a4d1fd8f9616a69909cec22531a01219e391bfe1df73a5151c872292fed1
20201127.0,7281381.896722465,ChiNext,Baseline portfolio,49a0a4d1fd8f9616a69909cec22531a01219e391bfe1df73a5151c872292fed1
20201130.0,7473170.480238214,ChiNext,Baseline portfolio,49a0a4d1fd8f9616a69909cec22531a01219e391bfe1df73a5151c872292fed1
20201201.0,7436185.867806662,ChiNext,Baseline portfolio,49a0a4d1fd8f9616a69909cec22531a01219e391bfe1df73a5151c872292fed1
20201202.0,7398426.184394441,ChiNext,Baseline portfolio,49a0a4d1fd8f9616a69909cec22531a01219e391bfe1df73a5151c872292fed1
20201203.0,7486477.8721079165,ChiNext,Baseline portfolio,49a0a4d1fd8f9616a69909cec22531a01219e391bfe1df73a5151c872292fed1
20201204.0,7535257.648272259,ChiNext,Baseline portfolio,49a0a4d1fd8f9616a69909cec22531a01219e391bfe1df73a5151c872292fed1
20201207.0,7566259.341507632,ChiNext,Baseline portfolio,49a0a4d1fd8f9616a69909cec22531a01219e391bfe1df73a5151c872292fed1
20201208.0,7578609.5673608165,ChiNext,Baseline portfolio,49a0a4d1fd8f9616a69909cec22531a01219e391bfe1df73a5151c872292fed1
20201209.0,7630314.400452927,ChiNext,Baseline portfolio,49a0a4d1fd8f9616a69909cec22531a01219e391bfe1df73a5151c872292fed1
20201210.0,7630801.104955585,ChiNext,Baseline portfolio,49a0a4d1fd8f9616a69909cec22531a01219e391bfe1df73a5151c872292fed1
20201211.0,7753121.7047062935,ChiNext,Baseline portfolio,49a0a4d1fd8f9616a69909cec22531a01219e391bfe1df73a5151c872292fed1
20201214.0,7855585.094124212,ChiNext,Baseline portfolio,49a0a4d1fd8f9616a69909cec22531a01219e391bfe1df73a5151c872292fed1
20201215.0,7663913.390987123,ChiNext,Baseline portfolio,49a0a4d1fd8f9616a69909cec22531a01219e391bfe1df73a5151c872292fed1
20201216.0,7749733.412579991,ChiNext,Baseline portfolio,49a0a4d1fd8f9616a69909cec22531a01219e391bfe1df73a5151c872292fed1
20201217.0,7708556.982917976,ChiNext,Baseline portfolio,49a0a4d1fd8f9616a69909cec22531a01219e391bfe1df73a5151c872292fed1
20201218.0,7987640.122433499,ChiNext,Baseline portfolio,49a0a4d1fd8f9616a69909cec22531a01219e391bfe1df73a5151c872292fed1
20201221.0,7869409.703227792,ChiNext,Baseline portfolio,49a0a4d1fd8f9616a69909cec22531a01219e391bfe1df73a5151c872292fed1
20201222.0,7831676.69523953,ChiNext,Baseline portfolio,49a0a4d1fd8f9616a69909cec22531a01219e391bfe1df73a5151c872292fed1
20201223.0,7907696.037621733,ChiNext,Baseline portfolio,49a0a4d1fd8f9616a69909cec22531a01219e391bfe1df73a5151c872292fed1
20201224.0,8371364.542063192,ChiNext,Baseline portfolio,49a0a4d1fd8f9616a69909cec22531a01219e391bfe1df73a5151c872292fed1
20201225.0,8381189.543988786,ChiNext,Baseline portfolio,49a0a4d1fd8f9616a69909cec22531a01219e391bfe1df73a5151c872292fed1
20201228.0,8233507.158563638,ChiNext,Baseline portfolio,49a0a4d1fd8f9616a69909cec22531a01219e391bfe1df73a5151c872292fed1
20201229.0,8353795.215299556,ChiNext,Baseline portfolio,49a0a4d1fd8f9616a69909cec22531a01219e391bfe1df73a5151c872292fed1
20201230.0,8509077.038143242,ChiNext,Baseline portfolio,49a0a4d1fd8f9616a69909cec22531a01219e391bfe1df73a5151c872292fed1
20201231.0,9065059.972576726,ChiNext,Baseline portfolio,49a0a4d1fd8f9616a69909cec22531a01219e391bfe1df73a5151c872292fed1
20210104.0,9313459.346114637,ChiNext,Baseline portfolio,49a0a4d1fd8f9616a69909cec22531a01219e391bfe1df73a5151c872292fed1
20210105.0,9153029.768842263,ChiNext,Baseline portfolio,49a0a4d1fd8f9616a69909cec22531a01219e391bfe1df73a5151c872292fed1
20210106.0,9258317.563706364,ChiNext,Baseline portfolio,49a0a4d1fd8f9616a69909cec22531a01219e391bfe1df73a5151c872292fed1
20210107.0,9310715.019252045,ChiNext,Baseline portfolio,49a0a4d1fd8f9616a69909cec22531a01219e391bfe1df73a5151c872292fed1
20210108.0,9248758.566117818,ChiNext,Baseline portfolio,49a0a4d1fd8f9616a69909cec22531a01219e391bfe1df73a5151c872292fed1
20210111.0,9551862.52583028,ChiNext,Baseline portfolio,49a0a4d1fd8f9616a69909cec22531a01219e391bfe1df73a5151c872292fed1
20210112.0,9412087.928490175,ChiNext,Baseline portfolio,49a0a4d1fd8f9616a69909cec22531a01219e391bfe1df73a5151c872292fed1
20210113.0,9198970.55148705,ChiNext,Baseline portfolio,49a0a4d1fd8f9616a69909cec22531a01219e391bfe1df73a5151c872292fed1
20210114.0,9201685.411751248,ChiNext,Baseline portfolio,49a0a4d1fd8f9616a69909cec22531a01219e391bfe1df73a5151c872292fed1
20210115.0,9413801.261292376,ChiNext,Baseline portfolio,49a0a4d1fd8f9616a69909cec22531a01219e391bfe1df73a5151c872292fed1
20210118.0,9341276.878466122,ChiNext,Baseline portfolio,49a0a4d1fd8f9616a69909cec22531a01219e391bfe1df73a5151c872292fed1
20210119.0,9752448.33620624,ChiNext,Baseline portfolio,49a0a4d1fd8f9616a69909cec22531a01219e391bfe1df73a5151c872292fed1
20210120.0,9844553.173552468,ChiNext,Baseline portfolio,49a0a4d1fd8f9616a69909cec22531a01219e391bfe1df73a5151c872292fed1
20210121.0,9858873.416544612,ChiNext,Baseline portfolio,49a0a4d1fd8f9616a69909cec22531a01219e391bfe1df73a5151c872292fed1
20210122.0,9868578.652127484,ChiNext,Baseline portfolio,49a0a4d1fd8f9616a69909cec22531a01219e391bfe1df73a5151c872292fed1
20210125.0,9585169.565216372,ChiNext,Baseline portfolio,49a0a4d1fd8f9616a69909cec22531a01219e391bfe1df73a5151c872292fed1
20210126.0,9709392.980313517,ChiNext,Baseline portfolio,49a0a4d1fd8f9616a69909cec22531a01219e391bfe1df73a5151c872292fed1
20210127.0,9520228.65520737,ChiNext,Baseline portfolio,49a0a4d1fd8f9616a69909cec22531a01219e391bfe1df73a5151c872292fed1
20210128.0,9458095.616798593,ChiNext,Baseline portfolio,49a0a4d1fd8f9616a69909cec22531a01219e391bfe1df73a5151c872292fed1
20210129.0,9684908.15433411,ChiNext,Baseline portfolio,49a0a4d1fd8f9616a69909cec22531a01219e391bfe1df73a5151c872292fed1
20210201.0,9919002.426078618,ChiNext,Baseline portfolio,49a0a4d1fd8f9616a69909cec22531a01219e391bfe1df73a5151c872292fed1
20210202.0,9621691.20522449,ChiNext,Baseline portfolio,49a0a4d1fd8f9616a69909cec22531a01219e391bfe1df73a5151c872292fed1
20210203.0,9702068.166397328,ChiNext,Baseline portfolio,49a0a4d1fd8f9616a69909cec22531a01219e391bfe1df73a5151c872292fed1
20210204.0,9719029.583236657,ChiNext,Baseline portfolio,49a0a4d1fd8f9616a69909cec22531a01219e391bfe1df73a5151c872292fed1
20210205.0,9743372.475887496,ChiNext,Baseline portfolio,49a0a4d1fd8f9616a69909cec22531a01219e391bfe1df73a5151c872292fed1
20210208.0,9900880.364761552,ChiNext,Baseline portfolio,49a0a4d1fd8f9616a69909cec22531a01219e391bfe1df73a5151c872292fed1
20210209.0,10531462.70407103,ChiNext,Baseline portfolio,49a0a4d1fd8f9616a69909cec22531a01219e391bfe1df73a5151c872292fed1
20210210.0,10797147.1728514,ChiNext,Baseline portfolio,49a0a4d1fd8f9616a69909cec22531a01219e391bfe1df73a5151c872292fed1
20210218.0,10562279.538367148,ChiNext,Baseline portfolio,49a0a4d1fd8f9616a69909cec22531a01219e391bfe1df73a5151c872292fed1
20210219.0,10669993.13743555,ChiNext,Baseline portfolio,49a0a4d1fd8f9616a69909cec22531a01219e391bfe1df73a5151c872292fed1
20210222.0,10850496.197567498,ChiNext,Baseline portfolio,49a0a4d1fd8f9616a69909cec22531a01219e391bfe1df73a5151c872292fed1
20210223.0,10695858.912881857,ChiNext,Baseline portfolio,49a0a4d1fd8f9616a69909cec22531a01219e391bfe1df73a5151c872292fed1
20210224.0,10697414.365292821,ChiNext,Baseline portfolio,49a0a4d1fd8f9616a69909cec22531a01219e391bfe1df73a5151c872292fed1
20210225.0,10584119.548144475,ChiNext,Baseline portfolio,49a0a4d1fd8f9616a69909cec22531a01219e391bfe1df73a5151c872292fed1
20210226.0,10934878.935962891,ChiNext,Baseline portfolio,49a0a4d1fd8f9616a69909cec22531a01219e391bfe1df73a5151c872292fed1
20210301.0,10988625.690261794,ChiNext,Baseline portfolio,49a0a4d1fd8f9616a69909cec22531a01219e391bfe1df73a5151c872292fed1
20210302.0,11055755.088143544,ChiNext,Baseline portfolio,49a0a4d1fd8f9616a69909cec22531a01219e391bfe1df73a5151c872292fed1
20210303.0,10863262.161512505,ChiNext,Baseline portfolio,49a0a4d1fd8f9616a69909cec22531a01219e391bfe1df73a5151c872292fed1
20210304.0,11080222.922549529,ChiNext,Baseline portfolio,49a0a4d1fd8f9616a69909cec22531a01219e391bfe1df73a5151c872292fed1
20210305.0,11252730.96431267,ChiNext,Baseline portfolio,49a0a4d1fd8f9616a69909cec22531a01219e391bfe1df73a5151c872292fed1
20210308.0,11010582.72184188,ChiNext,Baseline portfolio,49a0a4d1fd8f9616a69909cec22531a01219e391bfe1df73a5151c872292fed1
20210309.0,11101749.170135578,ChiNext,Baseline portfolio,49a0a4d1fd8f9616a69909cec22531a01219e391bfe1df73a5151c872292fed1
20210310.0,11185920.502209788,ChiNext,Baseline portfolio,49a0a4d1fd8f9616a69909cec22531a01219e391bfe1df73a5151c872292fed1
20210311.0,11339980.712696739,ChiNext,Baseline portfolio,49a0a4d1fd8f9616a69909cec22531a01219e391bfe1df73a5151c872292fed1
20210312.0,11139294.597252201,ChiNext,Baseline portfolio,49a0a4d1fd8f9616a69909cec22531a01219e391bfe1df73a5151c872292fed1
20210315.0,11204777.372029228,ChiNext,Baseline portfolio,49a0a4d1fd8f9616a69909cec22531a01219e391bfe1df73a5151c872292fed1
20210316.0,11594561.929022212,ChiNext,Baseline portfolio,49a0a4d1fd8f9616a69909cec22531a01219e391bfe1df73a5151c872292fed1
20210317.0,11781793.970966974,ChiNext,Baseline portfolio,49a0a4d1fd8f9616a69909cec22531a01219e391bfe1df73a5151c872292fed1
20210318.0,11320668.605389046,ChiNext,Baseline portfolio,49a0a4d1fd8f9616a69909cec22531a01219e391bfe1df73a5151c872292fed1
20210319.0,11631639.171299541,ChiNext,Baseline portfolio,49a0a4d1fd8f9616a69909cec22531a01219e391bfe1df73a5151c872292fed1
20210322.0,11410769.332047423,ChiNext,Baseline portfolio,49a0a4d1fd8f9616a69909cec22531a01219e391bfe1df73a5151c872292fed1
20210323.0,11290850.310603302,ChiNext,Baseline portfolio,49a0a4d1fd8f9616a69909cec22531a01219e391bfe1df73a5151c872292fed1
20210324.0,11621213.912166234,ChiNext,Baseline portfolio,49a0a4d1fd8f9616a69909cec22531a01219e391bfe1df73a5151c872292fed1
20210325.0,11984768.817207336,ChiNext,Baseline portfolio,49a0a4d1fd8f9616a69909cec22531a01219e391bfe1df73a5151c872292fed1
20210326.0,12080679.680727027,ChiNext,Baseline portfolio,49a0a4d1fd8f9616a69909cec22531a01219e391bfe1df73a5151c872292fed1
20210329.0,12230832.060369574,ChiNext,Baseline portfolio,49a0a4d1fd8f9616a69909cec22531a01219e391bfe1df73a5151c872292fed1
20210330.0,12189237.875472128,ChiNext,Baseline portfolio,49a0a4d1fd8f9616a69909cec22531a01219e391bfe1df73a5151c872292fed1
20210331.0,12413118.733478185,ChiNext,Baseline portfolio,49a0a4d1fd8f9616a69909cec22531a01219e391bfe1df73a5151c872292fed1
20210401.0,12613805.643330785,ChiNext,Baseline portfolio,49a0a4d1fd8f9616a69909cec22531a01219e391bfe1df73a5151c872292fed1
20210402.0,12707014.08653401,ChiNext,Baseline portfolio,49a0a4d1fd8f9616a69909cec22531a01219e391bfe1df73a5151c872292fed1
20210406.0,12827334.23305728,ChiNext,Baseline portfolio,49a0a4d1fd8f9616a69909cec22531a01219e391bfe1df73a5151c872292fed1
20210407.0,12988815.033105364,ChiNext,Baseline portfolio,49a0a4d1fd8f9616a69909cec22531a01219e391bfe1df73a5151c872292fed1
20210408.0,12988129.656026429,ChiNext,Baseline portfolio,49a0a4d1fd8f9616a69909cec22531a01219e391bfe1df73a5151c872292fed1
20210409.0,12722216.875321079,ChiNext,Baseline portfolio,49a0a4d1fd8f9616a69909cec22531a01219e391bfe1df73a5151c872292fed1
20210412.0,12758607.646130113,ChiNext,Baseline portfolio,49a0a4d1fd8f9616a69909cec22531a01219e391bfe1df73a5151c872292fed1
20210413.0,13019902.756293789,ChiNext,Baseline portfolio,49a0a4d1fd8f9616a69909cec22531a01219e391bfe1df73a5151c872292fed1
20210414.0,13043380.321508585,ChiNext,Baseline portfolio,49a0a4d1fd8f9616a69909cec22531a01219e391bfe1df73a5151c872292fed1
20210415.0,13177388.833820522,ChiNext,Baseline portfolio,49a0a4d1fd8f9616a69909cec22531a01219e391bfe1df73a5151c872292fed1
20210416.0,13541336.920265635,ChiNext,Baseline portfolio,49a0a4d1fd8f9616a69909cec22531a01219e391bfe1df73a5151c872292fed1
20210419.0,13568084.499917412,ChiNext,Baseline portfolio,49a0a4d1fd8f9616a69909cec22531a01219e391bfe1df73a5151c872292fed1
20210420.0,13801098.261323633,ChiNext,Baseline portfolio,49a0a4d1fd8f9616a69909cec22531a01219e391bfe1df73a5151c872292fed1
20210421.0,13958953.41246353,ChiNext,Baseline portfolio,49a0a4d1fd8f9616a69909cec22531a01219e391bfe1df73a5151c872292fed1
20210422.0,13882037.403875664,ChiNext,Baseline portfolio,49a0a4d1fd8f9616a69909cec22531a01219e391bfe1df73a5151c872292fed1
20210423.0,13888808.462957336,ChiNext,Baseline portfolio,49a0a4d1fd8f9616a69909cec22531a01219e391bfe1df73a5151c872292fed1
20210426.0,13893119.427609993,ChiNext,Baseline portfolio,49a0a4d1fd8f9616a69909cec22531a01219e391bfe1df73a5151c872292fed1
20210427.0,13941087.664333679,ChiNext,Baseline portfolio,49a0a4d1fd8f9616a69909cec22531a01219e391bfe1df73a5151c872292fed1
20210428.0,13814936.415510524,ChiNext,Baseline portfolio,49a0a4d1fd8f9616a69909cec22531a01219e391bfe1df73a5151c872292fed1
20210429.0,13910544.680827005,ChiNext,Baseline portfolio,49a0a4d1fd8f9616a69909cec22531a01219e391bfe1df73a5151c872292fed1
20210430.0,13773069.45829645,ChiNext,Baseline portfolio,49a0a4d1fd8f9616a69909cec22531a01219e391bfe1df73a5151c872292fed1
20210506.0,13350441.746855738,ChiNext,Baseline portfolio,49a0a4d1fd8f9616a69909cec22531a01219e391bfe1df73a5151c872292fed1
20210507.0,13246323.186437435,ChiNext,Baseline portfolio,49a0a4d1fd8f9616a69909cec22531a01219e391bfe1df73a5151c872292fed1
20210510.0,13199534.399136145,ChiNext,Baseline portfolio,49a0a4d1fd8f9616a69909cec22531a01219e391bfe1df73a5151c872292fed1
20210511.0,13435738.682266628,ChiNext,Baseline portfolio,49a0a4d1fd8f9616a69909cec22531a01219e391bfe1df73a5151c872292fed1
20210512.0,13415725.426203493,ChiNext,Baseline portfolio,49a0a4d1fd8f9616a69909cec22531a01219e391bfe1df73a5151c872292fed1
20210513.0,13622719.87110964,ChiNext,Baseline portfolio,49a0a4d1fd8f9616a69909cec22531a01219e391bfe1df73a5151c872292fed1
20210514.0,13859496.991190284,ChiNext,Baseline portfolio,49a0a4d1fd8f9616a69909cec22531a01219e391bfe1df73a5151c872292fed1
20210517.0,14069395.250718793,ChiNext,Baseline portfolio,49a0a4d1fd8f9616a69909cec22531a01219e391bfe1df73a5151c872292fed1
20210518.0,14146636.865741005,ChiNext,Baseline portfolio,49a0a4d1fd8f9616a69909cec22531a01219e391bfe1df73a5151c872292fed1
20210519.0,14295649.87605812,ChiNext,Baseline portfolio,49a0a4d1fd8f9616a69909cec22531a01219e391bfe1df73a5151c872292fed1
20210520.0,14321518.519727115,ChiNext,Baseline portfolio,49a0a4d1fd8f9616a69909cec22531a01219e391bfe1df73a5151c872292fed1
20210521.0,14667665.670426557,ChiNext,Baseline portfolio,49a0a4d1fd8f9616a69909cec22531a01219e391bfe1df73a5151c872292fed1
20210524.0,14878242.83102676,ChiNext,Baseline portfolio,49a0a4d1fd8f9616a69909cec22531a01219e391bfe1df73a5151c872292fed1
20210525.0,15486545.978609169,ChiNext,Baseline portfolio,49a0a4d1fd8f9616a69909cec22531a01219e391bfe1df73a5151c872292fed1
20210526.0,16422742.417132352,ChiNext,Baseline portfolio,49a0a4d1fd8f9616a69909cec22531a01219e391bfe1df73a5151c872292fed1
20210527.0,16530678.373714892,ChiNext,Baseline portfolio,49a0a4d1fd8f9616a69909cec22531a01219e391bfe1df73a5151c872292fed1
20210528.0,17964676.670218926,ChiNext,Baseline portfolio,49a0a4d1fd8f9616a69909cec22531a01219e391bfe1df73a5151c872292fed1
20210531.0,17973859.20699006,ChiNext,Baseline portfolio,49a0a4d1fd8f9616a69909cec22531a01219e391bfe1df73a5151c872292fed1
20210601.0,17411542.448030002,ChiNext,Baseline portfolio,49a0a4d1fd8f9616a69909cec22531a01219e391bfe1df73a5151c872292fed1
20210602.0,17303189.849559326,ChiNext,Baseline portfolio,49a0a4d1fd8f9616a69909cec22531a01219e391bfe1df73a5151c872292fed1
20210603.0,17750243.691415705,ChiNext,Baseline portfolio,49a0a4d1fd8f9616a69909cec22531a01219e391bfe1df73a5151c872292fed1
20210604.0,18031360.06829273,ChiNext,Baseline portfolio,49a0a4d1fd8f9616a69909cec22531a01219e391bfe1df73a5151c872292fed1
20210607.0,18387457.40000181,ChiNext,Baseline portfolio,49a0a4d1fd8f9616a69909cec22531a01219e391bfe1df73a5151c872292fed1
20210608.0,18613649.471890137,ChiNext,Baseline portfolio,49a0a4d1fd8f9616a69909cec22531a01219e391bfe1df73a5151c872292fed1
20210609.0,19111908.42432356,ChiNext,Baseline portfolio,49a0a4d1fd8f9616a69909cec22531a01219e391bfe1df73a5151c872292fed1
20210610.0,19070357.457414657,ChiNext,Baseline portfolio,49a0a4d1fd8f9616a69909cec22531a01219e391bfe1df73a5151c872292fed1
20210611.0,19173664.52350609,ChiNext,Baseline portfolio,49a0a4d1fd8f9616a69909cec22531a01219e391bfe1df73a5151c872292fed1
20210615.0,18686849.40145173,ChiNext,Baseline portfolio,49a0a4d1fd8f9616a69909cec22531a01219e391bfe1df73a5151c872292fed1
20210616.0,19145588.96293406,ChiNext,Baseline portfolio,49a0a4d1fd8f9616a69909cec22531a01219e391bfe1df73a5151c872292fed1
20210617.0,19714166.30445046,ChiNext,Baseline portfolio,49a0a4d1fd8f9616a69909cec22531a01219e391bfe1df73a5151c872292fed1
20210618.0,20397432.388927627,ChiNext,Baseline portfolio,49a0a4d1fd8f9616a69909cec22531a01219e391bfe1df73a5151c872292fed1
20210621.0,20150321.034421254,ChiNext,Baseline portfolio,49a0a4d1fd8f9616a69909cec22531a01219e391bfe1df73a5151c872292fed1
20210622.0,20172737.822572522,ChiNext,Baseline portfolio,49a0a4d1fd8f9616a69909cec22531a01219e391bfe1df73a5151c872292fed1
20210623.0,20283462.653899632,ChiNext,Baseline portfolio,49a0a4d1fd8f9616a69909cec22531a01219e391bfe1df73a5151c872292fed1
20210624.0,20294614.13795415,ChiNext,Baseline portfolio,49a0a4d1fd8f9616a69909cec22531a01219e391bfe1df73a5151c872292fed1
20210625.0,21086853.79841318,ChiNext,Baseline portfolio,49a0a4d1fd8f9616a69909cec22531a01219e391bfe1df73a5151c872292fed1
20210628.0,21429482.682864916,ChiNext,Baseline portfolio,49a0a4d1fd8f9616a69909cec22531a01219e391bfe1df73a5151c872292fed1
20210629.0,22086690.851896387,ChiNext,Baseline portfolio,49a0a4d1fd8f9616a69909cec22531a01219e391bfe1df73a5151c872292fed1
20210630.0,21961022.99673125,ChiNext,Baseline portfolio,49a0a4d1fd8f9616a69909cec22531a01219e391bfe1df73a5151c872292fed1
20210701.0,21719381.01178553,ChiNext,Baseline portfolio,49a0a4d1fd8f9616a69909cec22531a01219e391bfe1df73a5151c872292fed1
20210702.0,22489844.424257908,ChiNext,Baseline portfolio,49a0a4d1fd8f9616a69909cec22531a01219e391bfe1df73a5151c872292fed1
20210705.0,22409199.368712723,ChiNext,Baseline portfolio,49a0a4d1fd8f9616a69909cec22531a01219e391bfe1df73a5151c872292fed1
20210706.0,23073521.431148726,ChiNext,Baseline portfolio,49a0a4d1fd8f9616a69909cec22531a01219e391bfe1df73a5151c872292fed1
20210707.0,23645316.72002005,ChiNext,Baseline portfolio,49a0a4d1fd8f9616a69909cec22531a01219e391bfe1df73a5151c872292fed1
20210708.0,23769122.819462337,ChiNext,Baseline portfolio,49a0a4d1fd8f9616a69909cec22531a01219e391bfe1df73a5151c872292fed1
20210709.0,25089420.552262858,ChiNext,Baseline portfolio,49a0a4d1fd8f9616a69909cec22531a01219e391bfe1df73a5151c872292fed1
20210712.0,25273247.92294016,ChiNext,Baseline portfolio,49a0a4d1fd8f9616a69909cec22531a01219e391bfe1df73a5151c872292fed1
20210713.0,25033850.924947377,ChiNext,Baseline portfolio,49a0a4d1fd8f9616a69909cec22531a01219e391bfe1df73a5151c872292fed1
20210714.0,24841759.921554588,ChiNext,Baseline portfolio,49a0a4d1fd8f9616a69909cec22531a01219e391bfe1df73a5151c872292fed1
20210715.0,24944690.39858382,ChiNext,Baseline portfolio,49a0a4d1fd8f9616a69909cec22531a01219e391bfe1df73a5151c872292fed1
20210716.0,25138531.948579293,ChiNext,Baseline portfolio,49a0a4d1fd8f9616a69909cec22531a01219e391bfe1df73a5151c872292fed1
20210719.0,25422008.01151126,ChiNext,Baseline portfolio,49a0a4d1fd8f9616a69909cec22531a01219e391bfe1df73a5151c872292fed1
20210720.0,25934780.105456013,ChiNext,Baseline portfolio,49a0a4d1fd8f9616a69909cec22531a01219e391bfe1df73a5151c872292fed1
20210721.0,27243065.155842807,ChiNext,Baseline portfolio,49a0a4d1fd8f9616a69909cec22531a01219e391bfe1df73a5151c872292fed1
20210722.0,27562922.08229333,ChiNext,Baseline portfolio,49a0a4d1fd8f9616a69909cec22531a01219e391bfe1df73a5151c872292fed1
20210723.0,27903956.375138294,ChiNext,Baseline portfolio,49a0a4d1fd8f9616a69909cec22531a01219e391bfe1df73a5151c872292fed1
20210726.0,27202986.11677807,ChiNext,Baseline portfolio,49a0a4d1fd8f9616a69909cec22531a01219e391bfe1df73a5151c872292fed1
20210727.0,27166616.620310288,ChiNext,Baseline portfolio,49a0a4d1fd8f9616a69909cec22531a01219e391bfe1df73a5151c872292fed1
20210728.0,28939361.487080418,ChiNext,Baseline portfolio,49a0a4d1fd8f9616a69909cec22531a01219e391bfe1df73a5151c872292fed1
20210729.0,28556330.874419853,ChiNext,Baseline portfolio,49a0a4d1fd8f9616a69909cec22531a01219e391bfe1df73a5151c872292fed1
20210730.0,29356661.620662216,ChiNext,Baseline portfolio,49a0a4d1fd8f9616a69909cec22531a01219e391bfe1df73a5151c872292fed1
20210802.0,29159916.83765733,ChiNext,Baseline portfolio,49a0a4d1fd8f9616a69909cec22531a01219e391bfe1df73a5151c872292fed1
20210803.0,30078783.33398719,ChiNext,Baseline portfolio,49a0a4d1fd8f9616a69909cec22531a01219e391bfe1df73a5151c872292fed1
20210804.0,30746463.25519826,ChiNext,Baseline portfolio,49a0a4d1fd8f9616a69909cec22531a01219e391bfe1df73a5151c872292fed1
20210805.0,30071171.828581505,ChiNext,Baseline portfolio,49a0a4d1fd8f9616a69909cec22531a01219e391bfe1df73a5151c872292fed1
20210806.0,30052649.240018938,ChiNext,Baseline portfolio,49a0a4d1fd8f9616a69909cec22531a01219e391bfe1df73a5151c872292fed1
20210809.0,30191697.077053823,ChiNext,Baseline portfolio,49a0a4d1fd8f9616a69909cec22531a01219e391bfe1df73a5151c872292fed1
20210810.0,30728994.00306807,ChiNext,Baseline portfolio,49a0a4d1fd8f9616a69909cec22531a01219e391bfe1df73a5151c872292fed1
20210811.0,31171859.606585454,ChiNext,Baseline portfolio,49a0a4d1fd8f9616a69909cec22531a01219e391bfe1df73a5151c872292fed1
20210812.0,30715537.002038725,ChiNext,Baseline portfolio,49a0a4d1fd8f9616a69909cec22531a01219e391bfe1df73a5151c872292fed1
20210813.0,30440767.77386611,ChiNext,Baseline portfolio,49a0a4d1fd8f9616a69909cec22531a01219e391bfe1df73a5151c872292fed1
20210816.0,30013838.172637925,ChiNext,Baseline portfolio,49a0a4d1fd8f9616a69909cec22531a01219e391bfe1df73a5151c872292fed1
20210817.0,29827129.185143415,ChiNext,Baseline portfolio,49a0a4d1fd8f9616a69909cec22531a01219e391bfe1df73a5151c872292fed1
20210818.0,30383999.82324563,ChiNext,Baseline portfolio,49a0a4d1fd8f9616a69909cec22531a01219e391bfe1df73a5151c872292fed1
20210819.0,30110787.56361116,ChiNext,Baseline portfolio,49a0a4d1fd8f9616a69909cec22531a01219e391bfe1df73a5151c872292fed1
20210820.0,30677961.739809994,ChiNext,Baseline portfolio,49a0a4d1fd8f9616a69909cec22531a01219e391bfe1df73a5151c872292fed1
20210823.0,30668893.543663718,ChiNext,Baseline portfolio,49a0a4d1fd8f9616a69909cec22531a01219e391bfe1df73a5151c872292fed1
20210824.0,30631517.53775315,ChiNext,Baseline portfolio,49a0a4d1fd8f9616a69909cec22531a01219e391bfe1df73a5151c872292fed1
20210825.0,29984541.852511644,ChiNext,Baseline portfolio,49a0a4d1fd8f9616a69909cec22531a01219e391bfe1df73a5151c872292fed1
20210826.0,29612573.90804986,ChiNext,Baseline portfolio,49a0a4d1fd8f9616a69909cec22531a01219e391bfe1df73a5151c872292fed1
20210827.0,29601879.847322308,ChiNext,Baseline portfolio,49a0a4d1fd8f9616a69909cec22531a01219e391bfe1df73a5151c872292fed1
20210830.0,29214508.718758978,ChiNext,Baseline portfolio,49a0a4d1fd8f9616a69909cec22531a01219e391bfe1df73a5151c872292fed1
20210831.0,29243219.73167493,ChiNext,Baseline portfolio,49a0a4d1fd8f9616a69909cec22531a01219e391bfe1df73a5151c872292fed1
20210901.0,28676579.856031634,ChiNext,Baseline portfolio,49a0a4d1fd8f9616a69909cec22531a01219e391bfe1df73a5151c872292fed1
20210902.0,28297551.325927004,ChiNext,Baseline portfolio,49a0a4d1fd8f9616a69909cec22531a01219e391bfe1df73a5151c872292fed1
20210903.0,28849608.468351204,ChiNext,Baseline portfolio,49a0a4d1fd8f9616a69909cec22531a01219e391bfe1df73a5151c872292fed1
20210906.0,29526422.756879292,ChiNext,Baseline portfolio,49a0a4d1fd8f9616a69909cec22531a01219e391bfe1df73a5151c872292fed1
20210907.0,29671584.713718332,ChiNext,Baseline portfolio,49a0a4d1fd8f9616a69909cec22531a01219e391bfe1df73a5151c872292fed1
20210908.0,29856096.51438929,ChiNext,Baseline portfolio,49a0a4d1fd8f9616a69909cec22531a01219e391bfe1df73a5151c872292fed1
20210909.0,29851661.851803914,ChiNext,Baseline portfolio,49a0a4d1fd8f9616a69909cec22531a01219e391bfe1df73a5151c872292fed1
20210910.0,29153925.644188143,ChiNext,Baseline portfolio,49a0a4d1fd8f9616a69909cec22531a01219e391bfe1df73a5151c872292fed1
20210913.0,29434170.670483142,ChiNext,Baseline portfolio,49a0a4d1fd8f9616a69909cec22531a01219e391bfe1df73a5151c872292fed1
20210914.0,29168609.52980386,ChiNext,Baseline portfolio,49a0a4d1fd8f9616a69909cec22531a01219e391bfe1df73a5151c872292fed1
20210915.0,28580140.729700997,ChiNext,Baseline portfolio,49a0a4d1fd8f9616a69909cec22531a01219e391bfe1df73a5151c872292fed1
20210916.0,28555585.268415492,ChiNext,Baseline portfolio,49a0a4d1fd8f9616a69909cec22531a01219e391bfe1df73a5151c872292fed1
20210917.0,29167170.935062595,ChiNext,Baseline portfolio,49a0a4d1fd8f9616a69909cec22531a01219e391bfe1df73a5151c872292fed1
20210922.0,29118241.20342698,ChiNext,Baseline portfolio,49a0a4d1fd8f9616a69909cec22531a01219e391bfe1df73a5151c872292fed1
20210923.0,29103718.05101554,ChiNext,Baseline portfolio,49a0a4d1fd8f9616a69909cec22531a01219e391bfe1df73a5151c872292fed1
20210924.0,29250020.052061908,ChiNext,Baseline portfolio,49a0a4d1fd8f9616a69909cec22531a01219e391bfe1df73a5151c872292fed1
20210927.0,29353120.908838373,ChiNext,Baseline portfolio,49a0a4d1fd8f9616a69909cec22531a01219e391bfe1df73a5151c872292fed1
20210928.0,28677785.868549734,ChiNext,Baseline portfolio,49a0a4d1fd8f9616a69909cec22531a01219e391bfe1df73a5151c872292fed1
20210929.0,29778270.91343297,ChiNext,Baseline portfolio,49a0a4d1fd8f9616a69909cec22531a01219e391bfe1df73a5151c872292fed1
20210930.0,29810327.32054106,ChiNext,Baseline portfolio,49a0a4d1fd8f9616a69909cec22531a01219e391bfe1df73a5151c872292fed1
20211008.0,30121275.159750696,ChiNext,Baseline portfolio,49a0a4d1fd8f9616a69909cec22531a01219e391bfe1df73a5151c872292fed1
20211011.0,29590542.708095647,ChiNext,Baseline portfolio,49a0a4d1fd8f9616a69909cec22531a01219e391bfe1df73a5151c872292fed1
20211012.0,30540153.53529947,ChiNext,Baseline portfolio,49a0a4d1fd8f9616a69909cec22531a01219e391bfe1df73a5151c872292fed1
20211013.0,30910688.82574464,ChiNext,Baseline portfolio,49a0a4d1fd8f9616a69909cec22531a01219e391bfe1df73a5151c872292fed1
20211014.0,31775105.542185474,ChiNext,Baseline portfolio,49a0a4d1fd8f9616a69909cec22531a01219e391bfe1df73a5151c872292fed1
20211015.0,31155049.78401347,ChiNext,Baseline portfolio,49a0a4d1fd8f9616a69909cec22531a01219e391bfe1df73a5151c872292fed1
20211018.0,31381133.916669045,ChiNext,Baseline portfolio,49a0a4d1fd8f9616a69909cec22531a01219e391bfe1df73a5151c872292fed1
20211019.0,31464330.99382921,ChiNext,Baseline portfolio,49a0a4d1fd8f9616a69909cec22531a01219e391bfe1df73a5151c872292fed1
20211020.0,31644947.923780598,ChiNext,Baseline portfolio,49a0a4d1fd8f9616a69909cec22531a01219e391bfe1df73a5151c872292fed1
20211021.0,31277085.030988127,ChiNext,Baseline portfolio,49a0a4d1fd8f9616a69909cec22531a01219e391bfe1df73a5151c872292fed1
20211022.0,31563601.751414448,ChiNext,Baseline portfolio,49a0a4d1fd8f9616a69909cec22531a01219e391bfe1df73a5151c872292fed1
20211025.0,31113779.95645624,ChiNext,Baseline portfolio,49a0a4d1fd8f9616a69909cec22531a01219e391bfe1df73a5151c872292fed1
20211026.0,30374672.051222652,ChiNext,Baseline portfolio,49a0a4d1fd8f9616a69909cec22531a01219e391bfe1df73a5151c872292fed1
20211027.0,29879503.22795461,ChiNext,Baseline portfolio,49a0a4d1fd8f9616a69909cec22531a01219e391bfe1df73a5151c872292fed1
20211028.0,30561594.360802658,ChiNext,Baseline portfolio,49a0a4d1fd8f9616a69909cec22531a01219e391bfe1df73a5151c872292fed1
20211029.0,30733822.049410455,ChiNext,Baseline portfolio,49a0a4d1fd8f9616a69909cec22531a01219e391bfe1df73a5151c872292fed1
20211101.0,30580806.029930722,ChiNext,Baseline portfolio,49a0a4d1fd8f9616a69909cec22531a01219e391bfe1df73a5151c872292fed1
20211102.0,30847592.53379748,ChiNext,Baseline portfolio,49a0a4d1fd8f9616a69909cec22531a01219e391bfe1df73a5151c872292fed1
20211103.0,31349667.112414226,ChiNext,Baseline portfolio,49a0a4d1fd8f9616a69909cec22531a01219e391bfe1df73a5151c872292fed1
20211104.0,31448401.212578334,ChiNext,Baseline portfolio,49a0a4d1fd8f9616a69909cec22531a01219e391bfe1df73a5151c872292fed1
20211105.0,31612896.401633255,ChiNext,Baseline portfolio,49a0a4d1fd8f9616a69909cec22531a01219e391bfe1df73a5151c872292fed1
20211108.0,32053598.120509293,ChiNext,Baseline portfolio,49a0a4d1fd8f9616a69909cec22531a01219e391bfe1df73a5151c872292fed1
20211109.0,32260273.52754763,ChiNext,Baseline portfolio,49a0a4d1fd8f9616a69909cec22531a01219e391bfe1df73a5151c872292fed1
20211110.0,32360510.93041654,ChiNext,Baseline portfolio,49a0a4d1fd8f9616a69909cec22531a01219e391bfe1df73a5151c872292fed1
20211111.0,32580698.525209583,ChiNext,Baseline portfolio,49a0a4d1fd8f9616a69909cec22531a01219e391bfe1df73a5151c872292fed1
20211112.0,33037395.25327434,ChiNext,Baseline portfolio,49a0a4d1fd8f9616a69909cec22531a01219e391bfe1df73a5151c872292fed1
20211115.0,32088830.662708938,ChiNext,Baseline portfolio,49a0a4d1fd8f9616a69909cec22531a01219e391bfe1df73a5151c872292fed1
20211116.0,32310303.19652951,ChiNext,Baseline portfolio,49a0a4d1fd8f9616a69909cec22531a01219e391bfe1df73a5151c872292fed1
20211117.0,32399755.750582535,ChiNext,Baseline portfolio,49a0a4d1fd8f9616a69909cec22531a01219e391bfe1df73a5151c872292fed1
20211118.0,33007205.460592642,ChiNext,Baseline portfolio,49a0a4d1fd8f9616a69909cec22531a01219e391bfe1df73a5151c872292fed1
20211119.0,34149108.25777597,ChiNext,Baseline portfolio,49a0a4d1fd8f9616a69909cec22531a01219e391bfe1df73a5151c872292fed1
20211122.0,33837649.61752594,ChiNext,Baseline portfolio,49a0a4d1fd8f9616a69909cec22531a01219e391bfe1df73a5151c872292fed1
20211123.0,33791917.8703464,ChiNext,Baseline portfolio,49a0a4d1fd8f9616a69909cec22531a01219e391bfe1df73a5151c872292fed1
20211124.0,33502077.85164689,ChiNext,Baseline portfolio,49a0a4d1fd8f9616a69909cec22531a01219e391bfe1df73a5151c872292fed1
20211125.0,34067596.35674135,ChiNext,Baseline portfolio,49a0a4d1fd8f9616a69909cec22531a01219e391bfe1df73a5151c872292fed1
20211126.0,34567376.62545754,ChiNext,Baseline portfolio,49a0a4d1fd8f9616a69909cec22531a01219e391bfe1df73a5151c872292fed1
20211129.0,34516365.19229672,ChiNext,Baseline portfolio,49a0a4d1fd8f9616a69909cec22531a01219e391bfe1df73a5151c872292fed1
20211130.0,34215559.5367272,ChiNext,Baseline portfolio,49a0a4d1fd8f9616a69909cec22531a01219e391bfe1df73a5151c872292fed1
20211201.0,33697028.67814957,ChiNext,Baseline portfolio,49a0a4d1fd8f9616a69909cec22531a01219e391bfe1df73a5151c872292fed1
20211202.0,34499775.206645794,ChiNext,Baseline portfolio,49a0a4d1fd8f9616a69909cec22531a01219e391bfe1df73a5151c872292fed1
20211203.0,33842951.39212688,ChiNext,Baseline portfolio,49a0a4d1fd8f9616a69909cec22531a01219e391bfe1df73a5151c872292fed1
20211206.0,33068734.952238712,ChiNext,Baseline portfolio,49a0a4d1fd8f9616a69909cec22531a01219e391bfe1df73a5151c872292fed1
20211207.0,33899202.83456019,ChiNext,Baseline portfolio,49a0a4d1fd8f9616a69909cec22531a01219e391bfe1df73a5151c872292fed1
20211208.0,32506614.229892187,ChiNext,Baseline portfolio,49a0a4d1fd8f9616a69909cec22531a01219e391bfe1df73a5151c872292fed1
20211209.0,32500790.133610442,ChiNext,Baseline portfolio,49a0a4d1fd8f9616a69909cec22531a01219e391bfe1df73a5151c872292fed1
20211210.0,32561888.896818317,ChiNext,Baseline portfolio,49a0a4d1fd8f9616a69909cec22531a01219e391bfe1df73a5151c872292fed1
20211213.0,32348268.68140785,ChiNext,Baseline portfolio,49a0a4d1fd8f9616a69909cec22531a01219e391bfe1df73a5151c872292fed1
20211214.0,32391882.95396269,ChiNext,Baseline portfolio,49a0a4d1fd8f9616a69909cec22531a01219e391bfe1df73a5151c872292fed1
20211215.0,32995554.301164426,ChiNext,Baseline portfolio,49a0a4d1fd8f9616a69909cec22531a01219e391bfe1df73a5151c872292fed1
20211216.0,32303411.730793584,ChiNext,Baseline portfolio,49a0a4d1fd8f9616a69909cec22531a01219e391bfe1df73a5151c872292fed1
20211217.0,31345291.95581862,ChiNext,Baseline portfolio,49a0a4d1fd8f9616a69909cec22531a01219e391bfe1df73a5151c872292fed1
20211220.0,31754314.328467958,ChiNext,Baseline portfolio,49a0a4d1fd8f9616a69909cec22531a01219e391bfe1df73a5151c872292fed1
20211221.0,31610821.47356216,ChiNext,Baseline portfolio,49a0a4d1fd8f9616a69909cec22531a01219e391bfe1df73a5151c872292fed1
20211222.0,30957238.404165916,ChiNext,Baseline portfolio,49a0a4d1fd8f9616a69909cec22531a01219e391bfe1df73a5151c872292fed1
20211223.0,30548053.422592808,ChiNext,Baseline portfolio,49a0a4d1fd8f9616a69909cec22531a01219e391bfe1df73a5151c872292fed1
20211224.0,31023776.48040999,ChiNext,Baseline portfolio,49a0a4d1fd8f9616a69909cec22531a01219e391bfe1df73a5151c872292fed1
20211227.0,31566354.77124646,ChiNext,Baseline portfolio,49a0a4d1fd8f9616a69909cec22531a01219e391bfe1df73a5151c872292fed1
20211228.0,31150384.58483613,ChiNext,Baseline portfolio,49a0a4d1fd8f9616a69909cec22531a01219e391bfe1df73a5151c872292fed1
20211229.0,31642853.683564246,ChiNext,Baseline portfolio,49a0a4d1fd8f9616a69909cec22531a01219e391bfe1df73a5151c872292fed1
20211230.0,31511497.220257994,ChiNext,Baseline portfolio,49a0a4d1fd8f9616a69909cec22531a01219e391bfe1df73a5151c872292fed1
20211231.0,30228580.57216595,ChiNext,Baseline portfolio,49a0a4d1fd8f9616a69909cec22531a01219e391bfe1df73a5151c872292fed1
20220104.0,29503147.100875765,ChiNext,Baseline portfolio,49a0a4d1fd8f9616a69909cec22531a01219e391bfe1df73a5151c872292fed1
20220105.0,29450684.25589501,ChiNext,Baseline portfolio,49a0a4d1fd8f9616a69909cec22531a01219e391bfe1df73a5151c872292fed1
20220106.0,28903389.05991216,ChiNext,Baseline portfolio,49a0a4d1fd8f9616a69909cec22531a01219e391bfe1df73a5151c872292fed1
20220107.0,29771337.587481245,ChiNext,Baseline portfolio,49a0a4d1fd8f9616a69909cec22531a01219e391bfe1df73a5151c872292fed1
20220110.0,28907946.486017402,ChiNext,Baseline portfolio,49a0a4d1fd8f9616a69909cec22531a01219e391bfe1df73a5151c872292fed1
20220111.0,29349877.7375067,ChiNext,Baseline portfolio,49a0a4d1fd8f9616a69909cec22531a01219e391bfe1df73a5151c872292fed1
20220112.0,28877168.95626672,ChiNext,Baseline portfolio,49a0a4d1fd8f9616a69909cec22531a01219e391bfe1df73a5151c872292fed1
20220113.0,29356446.344288237,ChiNext,Baseline portfolio,49a0a4d1fd8f9616a69909cec22531a01219e391bfe1df73a5151c872292fed1
20220114.0,30033334.20467474,ChiNext,Baseline portfolio,49a0a4d1fd8f9616a69909cec22531a01219e391bfe1df73a5151c872292fed1
20220117.0,29857675.005445175,ChiNext,Baseline portfolio,49a0a4d1fd8f9616a69909cec22531a01219e391bfe1df73a5151c872292fed1
20220118.0,29383399.230573844,ChiNext,Baseline portfolio,49a0a4d1fd8f9616a69909cec22531a01219e391bfe1df73a5151c872292fed1
20220119.0,28522512.232691467,ChiNext,Baseline portfolio,49a0a4d1fd8f9616a69909cec22531a01219e391bfe1df73a5151c872292fed1
20220120.0,28049516.070278738,ChiNext,Baseline portfolio,49a0a4d1fd8f9616a69909cec22531a01219e391bfe1df73a5151c872292fed1
20220121.0,28365933.034724932,ChiNext,Baseline portfolio,49a0a4d1fd8f9616a69909cec22531a01219e391bfe1df73a5151c872292fed1
20220124.0,27689699.586838678,ChiNext,Baseline portfolio,49a0a4d1fd8f9616a69909cec22531a01219e391bfe1df73a5151c872292fed1
20220125.0,27747597.896802176,ChiNext,Baseline portfolio,49a0a4d1fd8f9616a69909cec22531a01219e391bfe1df73a5151c872292fed1
20220126.0,26805095.786272537,ChiNext,Baseline portfolio,49a0a4d1fd8f9616a69909cec22531a01219e391bfe1df73a5151c872292fed1
20220127.0,26947695.031659454,ChiNext,Baseline portfolio,49a0a4d1fd8f9616a69909cec22531a01219e391bfe1df73a5151c872292fed1
20220128.0,27009366.607283708,ChiNext,Baseline portfolio,49a0a4d1fd8f9616a69909cec22531a01219e391bfe1df73a5151c872292fed1
20220207.0,26680429.55264938,ChiNext,Baseline portfolio,49a0a4d1fd8f9616a69909cec22531a01219e391bfe1df73a5151c872292fed1
20220208.0,27338943.467184246,ChiNext,Baseline portfolio,49a0a4d1fd8f9616a69909cec22531a01219e391bfe1df73a5151c872292fed1
20220209.0,26894936.417789556,ChiNext,Baseline portfolio,49a0a4d1fd8f9616a69909cec22531a01219e391bfe1df73a5151c872292fed1
20220210.0,26037007.275162105,ChiNext,Baseline portfolio,49a0a4d1fd8f9616a69909cec22531a01219e391bfe1df73a5151c872292fed1
20220216.0,26012107.702478886,ChiNext,Baseline portfolio,49a0a4d1fd8f9616a69909cec22531a01219e391bfe1df73a5151c872292fed1
20220217.0,25923901.01405272,ChiNext,Baseline portfolio,49a0a4d1fd8f9616a69909cec22531a01219e391bfe1df73a5151c872292fed1
20220218.0,25756168.54218041,ChiNext,Baseline portfolio,49a0a4d1fd8f9616a69909cec22531a01219e391bfe1df73a5151c872292fed1
20220221.0,25690054.76702933,ChiNext,Baseline portfolio,49a0a4d1fd8f9616a69909cec22531a01219e391bfe1df73a5151c872292fed1
20220222.0,27100793.670591746,ChiNext,Baseline portfolio,49a0a4d1fd8f9616a69909cec22531a01219e391bfe1df73a5151c872292fed1
20220223.0,26645612.075180378,ChiNext,Baseline portfolio,49a0a4d1fd8f9616a69909cec22531a01219e391bfe1df73a5151c872292fed1
20220224.0,26972886.219823968,ChiNext,Baseline portfolio,49a0a4d1fd8f9616a69909cec22531a01219e391bfe1df73a5151c872292fed1
20220225.0,27006938.86663371,ChiNext,Baseline portfolio,49a0a4d1fd8f9616a69909cec22531a01219e391bfe1df73a5151c872292fed1
20220228.0,26899622.86089435,ChiNext,Baseline portfolio,49a0a4d1fd8f9616a69909cec22531a01219e391bfe1df73a5151c872292fed1
20220301.0,26637907.644813802,ChiNext,Baseline portfolio,49a0a4d1fd8f9616a69909cec22531a01219e391bfe1df73a5151c872292fed1
20220302.0,26073236.88099248,ChiNext,Baseline portfolio,49a0a4d1fd8f9616a69909cec22531a01219e391bfe1df73a5151c872292fed1
20220303.0,25815146.64360168,ChiNext,Baseline portfolio,49a0a4d1fd8f9616a69909cec22531a01219e391bfe1df73a5151c872292fed1
20220304.0,24800632.432437524,ChiNext,Baseline portfolio,49a0a4d1fd8f9616a69909cec22531a01219e391bfe1df73a5151c872292fed1
20220307.0,24030556.719284393,ChiNext,Baseline portfolio,49a0a4d1fd8f9616a69909cec22531a01219e391bfe1df73a5151c872292fed1
20220308.0,24306812.589895874,ChiNext,Baseline portfolio,49a0a4d1fd8f9616a69909cec22531a01219e391bfe1df73a5151c872292fed1
20220309.0,24819307.909880918,ChiNext,Baseline portfolio,49a0a4d1fd8f9616a69909cec22531a01219e391bfe1df73a5151c872292fed1
20220310.0,24911193.661932137,ChiNext,Baseline portfolio,49a0a4d1fd8f9616a69909cec22531a01219e391bfe1df73a5151c872292fed1
20220311.0,24022304.07476528,ChiNext,Baseline portfolio,49a0a4d1fd8f9616a69909cec22531a01219e391bfe1df73a5151c872292fed1
20220314.0,23362035.047707576,ChiNext,Baseline portfolio,49a0a4d1fd8f9616a69909cec22531a01219e391bfe1df73a5151c872292fed1
20220315.0,24285078.5432663,ChiNext,Baseline portfolio,49a0a4d1fd8f9616a69909cec22531a01219e391bfe1df73a5151c872292fed1
20220316.0,24560660.558858544,ChiNext,Baseline portfolio,49a0a4d1fd8f9616a69909cec22531a01219e391bfe1df73a5151c872292fed1
20220317.0,24917128.844360977,ChiNext,Baseline portfolio,49a0a4d1fd8f9616a69909cec22531a01219e391bfe1df73a5151c872292fed1
20220318.0,25108976.10640875,ChiNext,Baseline portfolio,49a0a4d1fd8f9616a69909cec22531a01219e391bfe1df73a5151c872292fed1
20220321.0,24709148.3291908,ChiNext,Baseline portfolio,49a0a4d1fd8f9616a69909cec22531a01219e391bfe1df73a5151c872292fed1
20220322.0,24770977.430885695,ChiNext,Baseline portfolio,49a0a4d1fd8f9616a69909cec22531a01219e391bfe1df73a5151c872292fed1
20220323.0,25108391.59715478,ChiNext,Baseline portfolio,49a0a4d1fd8f9616a69909cec22531a01219e391bfe1df73a5151c872292fed1
20220324.0,24975514.036342245,ChiNext,Baseline portfolio,49a0a4d1fd8f9616a69909cec22531a01219e391bfe1df73a5151c872292fed1
20220325.0,24720705.159555074,ChiNext,Baseline portfolio,49a0a4d1fd8f9616a69909cec22531a01219e391bfe1df73a5151c872292fed1
20220328.0,24441972.083820514,ChiNext,Baseline portfolio,49a0a4d1fd8f9616a69909cec22531a01219e391bfe1df73a5151c872292fed1
20220329.0,25217810.984176375,ChiNext,Baseline portfolio,49a0a4d1fd8f9616a69909cec22531a01219e391bfe1df73a5151c872292fed1
20220330.0,24631109.633137234,ChiNext,Baseline portfolio,49a0a4d1fd8f9616a69909cec22531a01219e391bfe1df73a5151c872292fed1
20220331.0,24749971.721009232,ChiNext,Baseline portfolio,49a0a4d1fd8f9616a69909cec22531a01219e391bfe1df73a5151c872292fed1
20220401.0,24245525.596988965,ChiNext,Baseline portfolio,49a0a4d1fd8f9616a69909cec22531a01219e391bfe1df73a5151c872292fed1
20220406.0,23737558.006379783,ChiNext,Baseline portfolio,49a0a4d1fd8f9616a69909cec22531a01219e391bfe1df73a5151c872292fed1
20220407.0,23036332.26908248,ChiNext,Baseline portfolio,49a0a4d1fd8f9616a69909cec22531a01219e391bfe1df73a5151c872292fed1
20220408.0,22086796.64158423,ChiNext,Baseline portfolio,49a0a4d1fd8f9616a69909cec22531a01219e391bfe1df73a5151c872292fed1
20220411.0,22325862.536966197,ChiNext,Baseline portfolio,49a0a4d1fd8f9616a69909cec22531a01219e391bfe1df73a5151c872292fed1
20220412.0,21762275.726931904,ChiNext,Baseline portfolio,49a0a4d1fd8f9616a69909cec22531a01219e391bfe1df73a5151c872292fed1
20220413.0,21886740.83348496,ChiNext,Baseline portfolio,49a0a4d1fd8f9616a69909cec22531a01219e391bfe1df73a5151c872292fed1
20220414.0,21499913.430607785,ChiNext,Baseline portfolio,49a0a4d1fd8f9616a69909cec22531a01219e391bfe1df73a5151c872292fed1
20220415.0,21699673.121478677,ChiNext,Baseline portfolio,49a0a4d1fd8f9616a69909cec22531a01219e391bfe1df73a5151c872292fed1
20220418.0,21513237.000989046,ChiNext,Baseline portfolio,49a0a4d1fd8f9616a69909cec22531a01219e391bfe1df73a5151c872292fed1
20220419.0,21045480.55557234,ChiNext,Baseline portfolio,49a0a4d1fd8f9616a69909cec22531a01219e391bfe1df73a5151c872292fed1
20220420.0,20565852.62262376,ChiNext,Baseline portfolio,49a0a4d1fd8f9616a69909cec22531a01219e391bfe1df73a5151c872292fed1
20220421.0,20299599.318941824,ChiNext,Baseline portfolio,49a0a4d1fd8f9616a69909cec22531a01219e391bfe1df73a5151c872292fed1
20220422.0,19076670.935119044,ChiNext,Baseline portfolio,49a0a4d1fd8f9616a69909cec22531a01219e391bfe1df73a5151c872292fed1
20220425.0,18686971.70967722,ChiNext,Baseline portfolio,49a0a4d1fd8f9616a69909cec22531a01219e391bfe1df73a5151c872292fed1
20220426.0,19536074.30422396,ChiNext,Baseline portfolio,49a0a4d1fd8f9616a69909cec22531a01219e391bfe1df73a5151c872292fed1
20220427.0,19291006.651854254,ChiNext,Baseline portfolio,49a0a4d1fd8f9616a69909cec22531a01219e391bfe1df73a5151c872292fed1
20220428.0,20156371.99148491,ChiNext,Baseline portfolio,49a0a4d1fd8f9616a69909cec22531a01219e391bfe1df73a5151c872292fed1
20220429.0,20352757.940184273,ChiNext,Baseline portfolio,49a0a4d1fd8f9616a69909cec22531a01219e391bfe1df73a5151c872292fed1
20220505.0,20224985.78757233,ChiNext,Baseline portfolio,49a0a4d1fd8f9616a69909cec22531a01219e391bfe1df73a5151c872292fed1
20220506.0,20292406.429583047,ChiNext,Baseline portfolio,49a0a4d1fd8f9616a69909cec22531a01219e391bfe1df73a5151c872292fed1
20220509.0,20875052.02351427,ChiNext,Baseline portfolio,49a0a4d1fd8f9616a69909cec22531a01219e391bfe1df73a5151c872292fed1
20220510.0,21511126.352028735,ChiNext,Baseline portfolio,49a0a4d1fd8f9616a69909cec22531a01219e391bfe1df73a5151c872292fed1
20220511.0,21542876.34603118,ChiNext,Baseline portfolio,49a0a4d1fd8f9616a69909cec22531a01219e391bfe1df73a5151c872292fed1
20220512.0,21487783.546645783,ChiNext,Baseline portfolio,49a0a4d1fd8f9616a69909cec22531a01219e391bfe1df73a5151c872292fed1
20220513.0,21219856.011238866,ChiNext,Baseline portfolio,49a0a4d1fd8f9616a69909cec22531a01219e391bfe1df73a5151c872292fed1
20220516.0,21606225.082329307,ChiNext,Baseline portfolio,49a0a4d1fd8f9616a69909cec22531a01219e391bfe1df73a5151c872292fed1
20220517.0,21615409.064059366,ChiNext,Baseline portfolio,49a0a4d1fd8f9616a69909cec22531a01219e391bfe1df73a5151c872292fed1
20220518.0,21685810.980345014,ChiNext,Baseline portfolio,49a0a4d1fd8f9616a69909cec22531a01219e391bfe1df73a5151c872292fed1
20220519.0,22232619.149337724,ChiNext,Baseline portfolio,49a0a4d1fd8f9616a69909cec22531a01219e391bfe1df73a5151c872292fed1
20220520.0,22429596.463065084,ChiNext,Baseline portfolio,49a0a4d1fd8f9616a69909cec22531a01219e391bfe1df73a5151c872292fed1
20220523.0,21354788.53499335,ChiNext,Baseline portfolio,49a0a4d1fd8f9616a69909cec22531a01219e391bfe1df73a5151c872292fed1
20220524.0,21558155.4934918,ChiNext,Baseline portfolio,49a0a4d1fd8f9616a69909cec22531a01219e391bfe1df73a5151c872292fed1
20220525.0,21545558.72011503,ChiNext,Baseline portfolio,49a0a4d1fd8f9616a69909cec22531a01219e391bfe1df73a5151c872292fed1
20220526.0,21167421.967504263,ChiNext,Baseline portfolio,49a0a4d1fd8f9616a69909cec22531a01219e391bfe1df73a5151c872292fed1
20220527.0,21634050.615229703,ChiNext,Baseline portfolio,49a0a4d1fd8f9616a69909cec22531a01219e391bfe1df73a5151c872292fed1
20220530.0,22001770.024401613,ChiNext,Baseline portfolio,49a0a4d1fd8f9616a69909cec22531a01219e391bfe1df73a5151c872292fed1
20220531.0,22066027.911764152,ChiNext,Baseline portfolio,49a0a4d1fd8f9616a69909cec22531a01219e391bfe1df73a5151c872292fed1
20220601.0,23035623.35690422,ChiNext,Baseline portfolio,49a0a4d1fd8f9616a69909cec22531a01219e391bfe1df73a5151c872292fed1
20220602.0,23658295.12749767,ChiNext,Baseline portfolio,49a0a4d1fd8f9616a69909cec22531a01219e391bfe1df73a5151c872292fed1
20220606.0,23425423.39775793,ChiNext,Baseline portfolio,49a0a4d1fd8f9616a69909cec22531a01219e391bfe1df73a5151c872292fed1
20220607.0,23208504.707704242,ChiNext,Baseline portfolio,49a0a4d1fd8f9616a69909cec22531a01219e391bfe1df73a5151c872292fed1
20220608.0,22546967.174085684,ChiNext,Baseline portfolio,49a0a4d1fd8f9616a69909cec22531a01219e391bfe1df73a5151c872292fed1
20220609.0,23098143.115105633,ChiNext,Baseline portfolio,49a0a4d1fd8f9616a69909cec22531a01219e391bfe1df73a5151c872292fed1
20220610.0,23469176.72071867,ChiNext,Baseline portfolio,49a0a4d1fd8f9616a69909cec22531a01219e391bfe1df73a5151c872292fed1
20220613.0,23947934.39909664,ChiNext,Baseline portfolio,49a0a4d1fd8f9616a69909cec22531a01219e391bfe1df73a5151c872292fed1
20220614.0,23663659.548108917,ChiNext,Baseline portfolio,49a0a4d1fd8f9616a69909cec22531a01219e391bfe1df73a5151c872292fed1
20220615.0,24193865.94154691,ChiNext,Baseline portfolio,49a0a4d1fd8f9616a69909cec22531a01219e391bfe1df73a5151c872292fed1
20220616.0,24719263.19202643,ChiNext,Baseline portfolio,49a0a4d1fd8f9616a69909cec22531a01219e391bfe1df73a5151c872292fed1
20220617.0,25062999.416945208,ChiNext,Baseline portfolio,49a0a4d1fd8f9616a69909cec22531a01219e391bfe1df73a5151c872292fed1
20220620.0,24817787.85039711,ChiNext,Baseline portfolio,49a0a4d1fd8f9616a69909cec22531a01219e391bfe1df73a5151c872292fed1
20220621.0,24962367.388929922,ChiNext,Baseline portfolio,49a0a4d1fd8f9616a69909cec22531a01219e391bfe1df73a5151c872292fed1
20220622.0,26169101.124032103,ChiNext,Baseline portfolio,49a0a4d1fd8f9616a69909cec22531a01219e391bfe1df73a5151c872292fed1
20220623.0,26185682.645222522,ChiNext,Baseline portfolio,49a0a4d1fd8f9616a69909cec22531a01219e391bfe1df73a5151c872292fed1
20220624.0,26468968.149165027,ChiNext,Baseline portfolio,49a0a4d1fd8f9616a69909cec22531a01219e391bfe1df73a5151c872292fed1
20220627.0,26546034.224538617,ChiNext,Baseline portfolio,49a0a4d1fd8f9616a69909cec22531a01219e391bfe1df73a5151c872292fed1
20220628.0,26006470.408374485,ChiNext,Baseline portfolio,49a0a4d1fd8f9616a69909cec22531a01219e391bfe1df73a5151c872292fed1
20220629.0,26423791.58941069,ChiNext,Baseline portfolio,49a0a4d1fd8f9616a69909cec22531a01219e391bfe1df73a5151c872292fed1
20220630.0,26752945.603416454,ChiNext,Baseline portfolio,49a0a4d1fd8f9616a69909cec22531a01219e391bfe1df73a5151c872292fed1
20220701.0,27304073.10571891,ChiNext,Baseline portfolio,49a0a4d1fd8f9616a69909cec22531a01219e391bfe1df73a5151c872292fed1
20220704.0,26793901.715416893,ChiNext,Baseline portfolio,49a0a4d1fd8f9616a69909cec22531a01219e391bfe1df73a5151c872292fed1
20220705.0,26909438.48209347,ChiNext,Baseline portfolio,49a0a4d1fd8f9616a69909cec22531a01219e391bfe1df73a5151c872292fed1
20220706.0,27411197.94834964,ChiNext,Baseline portfolio,49a0a4d1fd8f9616a69909cec22531a01219e391bfe1df73a5151c872292fed1
20220707.0,27132064.13683237,ChiNext,Baseline portfolio,49a0a4d1fd8f9616a69909cec22531a01219e391bfe1df73a5151c872292fed1
20220708.0,27531801.455748793,ChiNext,Baseline portfolio,49a0a4d1fd8f9616a69909cec22531a01219e391bfe1df73a5151c872292fed1
20220711.0,26589113.990433823,ChiNext,Baseline portfolio,49a0a4d1fd8f9616a69909cec22531a01219e391bfe1df73a5151c872292fed1
20220712.0,26913149.62303622,ChiNext,Baseline portfolio,49a0a4d1fd8f9616a69909cec22531a01219e391bfe1df73a5151c872292fed1
20220713.0,27722019.808795426,ChiNext,Baseline portfolio,49a0a4d1fd8f9616a69909cec22531a01219e391bfe1df73a5151c872292fed1
20220714.0,27490148.561804157,ChiNext,Baseline portfolio,49a0a4d1fd8f9616a69909cec22531a01219e391bfe1df73a5151c872292fed1
20220715.0,28045076.52202294,ChiNext,Baseline portfolio,49a0a4d1fd8f9616a69909cec22531a01219e391bfe1df73a5151c872292fed1
20220718.0,27987818.47201173,ChiNext,Baseline portfolio,49a0a4d1fd8f9616a69909cec22531a01219e391bfe1df73a5151c872292fed1
20220719.0,28600380.005909022,ChiNext,Baseline portfolio,49a0a4d1fd8f9616a69909cec22531a01219e391bfe1df73a5151c872292fed1
20220720.0,28545541.67075545,ChiNext,Baseline portfolio,49a0a4d1fd8f9616a69909cec22531a01219e391bfe1df73a5151c872292fed1
20220721.0,28007045.47627716,ChiNext,Baseline portfolio,49a0a4d1fd8f9616a69909cec22531a01219e391bfe1df73a5151c872292fed1
20220722.0,27809522.026267037,ChiNext,Baseline portfolio,49a0a4d1fd8f9616a69909cec22531a01219e391bfe1df73a5151c872292fed1
20220725.0,27766503.960817527,ChiNext,Baseline portfolio,49a0a4d1fd8f9616a69909cec22531a01219e391bfe1df73a5151c872292fed1
20220726.0,28025928.854954395,ChiNext,Baseline portfolio,49a0a4d1fd8f9616a69909cec22531a01219e391bfe1df73a5151c872292fed1
20220727.0,28402579.509026155,ChiNext,Baseline portfolio,49a0a4d1fd8f9616a69909cec22531a01219e391bfe1df73a5151c872292fed1
20220728.0,28062889.69536328,ChiNext,Baseline portfolio,49a0a4d1fd8f9616a69909cec22531a01219e391bfe1df73a5151c872292fed1
20220729.0,28219838.166356027,ChiNext,Baseline portfolio,49a0a4d1fd8f9616a69909cec22531a01219e391bfe1df73a5151c872292fed1
20220801.0,27641384.970659934,ChiNext,Baseline portfolio,49a0a4d1fd8f9616a69909cec22531a01219e391bfe1df73a5151c872292fed1
20220802.0,27079845.349094488,ChiNext,Baseline portfolio,49a0a4d1fd8f9616a69909cec22531a01219e391bfe1df73a5151c872292fed1
20220803.0,27231213.777297325,ChiNext,Baseline portfolio,49a0a4d1fd8f9616a69909cec22531a01219e391bfe1df73a5151c872292fed1
20220804.0,27781016.842088237,ChiNext,Baseline portfolio,49a0a4d1fd8f9616a69909cec22531a01219e391bfe1df73a5151c872292fed1
20220805.0,28032775.948498648,ChiNext,Baseline portfolio,49a0a4d1fd8f9616a69909cec22531a01219e391bfe1df73a5151c872292fed1
20220808.0,27881995.835733615,ChiNext,Baseline portfolio,49a0a4d1fd8f9616a69909cec22531a01219e391bfe1df73a5151c872292fed1
20220809.0,27792376.936119188,ChiNext,Baseline portfolio,49a0a4d1fd8f9616a69909cec22531a01219e391bfe1df73a5151c872292fed1
20220810.0,27897995.775807913,ChiNext,Baseline portfolio,49a0a4d1fd8f9616a69909cec22531a01219e391bfe1df73a5151c872292fed1
20220811.0,27539612.070776865,ChiNext,Baseline portfolio,49a0a4d1fd8f9616a69909cec22531a01219e391bfe1df73a5151c872292fed1
20220812.0,27766765.15126068,ChiNext,Baseline portfolio,49a0a4d1fd8f9616a69909cec22531a01219e391bfe1df73a5151c872292fed1
20220815.0,27497988.48426514,ChiNext,Baseline portfolio,49a0a4d1fd8f9616a69909cec22531a01219e391bfe1df73a5151c872292fed1
20220816.0,27385493.256677188,ChiNext,Baseline portfolio,49a0a4d1fd8f9616a69909cec22531a01219e391bfe1df73a5151c872292fed1
20220817.0,27371059.585879244,ChiNext,Baseline portfolio,49a0a4d1fd8f9616a69909cec22531a01219e391bfe1df73a5151c872292fed1
20220818.0,26828370.71802243,ChiNext,Baseline portfolio,49a0a4d1fd8f9616a69909cec22531a01219e391bfe1df73a5151c872292fed1
20220819.0,27078761.10607234,ChiNext,Baseline portfolio,49a0a4d1fd8f9616a69909cec22531a01219e391bfe1df73a5151c872292fed1
20220822.0,26843639.872324303,ChiNext,Baseline portfolio,49a0a4d1fd8f9616a69909cec22531a01219e391bfe1df73a5151c872292fed1
20220823.0,25792550.412496593,ChiNext,Baseline portfolio,49a0a4d1fd8f9616a69909cec22531a01219e391bfe1df73a5151c872292fed1
20220824.0,25467563.34028651,ChiNext,Baseline portfolio,49a0a4d1fd8f9616a69909cec22531a01219e391bfe1df73a5151c872292fed1
20220825.0,25220166.17872357,ChiNext,Baseline portfolio,49a0a4d1fd8f9616a69909cec22531a01219e391bfe1df73a5151c872292fed1
20220826.0,25373375.415763095,ChiNext,Baseline portfolio,49a0a4d1fd8f9616a69909cec22531a01219e391bfe1df73a5151c872292fed1
20220829.0,25222464.107661806,ChiNext,Baseline portfolio,49a0a4d1fd8f9616a69909cec22531a01219e391bfe1df73a5151c872292fed1
20220830.0,24567491.218618214,ChiNext,Baseline portfolio,49a0a4d1fd8f9616a69909cec22531a01219e391bfe1df73a5151c872292fed1
20220831.0,24511715.7805097,ChiNext,Baseline portfolio,49a0a4d1fd8f9616a69909cec22531a01219e391bfe1df73a5151c872292fed1
20220901.0,24626932.03242507,ChiNext,Baseline portfolio,49a0a4d1fd8f9616a69909cec22531a01219e391bfe1df73a5151c872292fed1
20220902.0,24711368.834567487,ChiNext,Baseline portfolio,49a0a4d1fd8f9616a69909cec22531a01219e391bfe1df73a5151c872292fed1
20220905.0,25158141.524805307,ChiNext,Baseline portfolio,49a0a4d1fd8f9616a69909cec22531a01219e391bfe1df73a5151c872292fed1
20220906.0,25660137.64629872,ChiNext,Baseline portfolio,49a0a4d1fd8f9616a69909cec22531a01219e391bfe1df73a5151c872292fed1
20220907.0,25372337.014222533,ChiNext,Baseline portfolio,49a0a4d1fd8f9616a69909cec22531a01219e391bfe1df73a5151c872292fed1
20220908.0,25512380.90950984,ChiNext,Baseline portfolio,49a0a4d1fd8f9616a69909cec22531a01219e391bfe1df73a5151c872292fed1
20220909.0,25254159.12286772,ChiNext,Baseline portfolio,49a0a4d1fd8f9616a69909cec22531a01219e391bfe1df73a5151c872292fed1
20220913.0,25391693.77494802,ChiNext,Baseline portfolio,49a0a4d1fd8f9616a69909cec22531a01219e391bfe1df73a5151c872292fed1
20220914.0,24387820.48240344,ChiNext,Baseline portfolio,49a0a4d1fd8f9616a69909cec22531a01219e391bfe1df73a5151c872292fed1
20220915.0,24171831.839306556,ChiNext,Baseline portfolio,49a0a4d1fd8f9616a69909cec22531a01219e391bfe1df73a5151c872292fed1
20220916.0,23691080.893566135,ChiNext,Baseline portfolio,49a0a4d1fd8f9616a69909cec22531a01219e391bfe1df73a5151c872292fed1
20220919.0,24082312.233502347,ChiNext,Baseline portfolio,49a0a4d1fd8f9616a69909cec22531a01219e391bfe1df73a5151c872292fed1
20220920.0,23469594.540329922,ChiNext,Baseline portfolio,49a0a4d1fd8f9616a69909cec22531a01219e391bfe1df73a5151c872292fed1
20220921.0,23915952.19422333,ChiNext,Baseline portfolio,49a0a4d1fd8f9616a69909cec22531a01219e391bfe1df73a5151c872292fed1
20220922.0,23245658.80034462,ChiNext,Baseline portfolio,49a0a4d1fd8f9616a69909cec22531a01219e391bfe1df73a5151c872292fed1
20220923.0,23258038.071666654,ChiNext,Baseline portfolio,49a0a4d1fd8f9616a69909cec22531a01219e391bfe1df73a5151c872292fed1
20220926.0,23967431.840711012,ChiNext,Baseline portfolio,49a0a4d1fd8f9616a69909cec22531a01219e391bfe1df73a5151c872292fed1
20220927.0,23280828.70271809,ChiNext,Baseline portfolio,49a0a4d1fd8f9616a69909cec22531a01219e391bfe1df73a5151c872292fed1
20220928.0,23590497.537237924,ChiNext,Baseline portfolio,49a0a4d1fd8f9616a69909cec22531a01219e391bfe1df73a5151c872292fed1
20220930.0,22973202.33066904,ChiNext,Baseline portfolio,49a0a4d1fd8f9616a69909cec22531a01219e391bfe1df73a5151c872292fed1
20221010.0,23407143.064218685,ChiNext,Baseline portfolio,49a0a4d1fd8f9616a69909cec22531a01219e391bfe1df73a5151c872292fed1
20221011.0,24003571.071269505,ChiNext,Baseline portfolio,49a0a4d1fd8f9616a69909cec22531a01219e391bfe1df73a5151c872292fed1
20221012.0,24325725.34200391,ChiNext,Baseline portfolio,49a0a4d1fd8f9616a69909cec22531a01219e391bfe1df73a5151c872292fed1
20221013.0,24855890.029525388,ChiNext,Baseline portfolio,49a0a4d1fd8f9616a69909cec22531a01219e391bfe1df73a5151c872292fed1
20221014.0,25131121.313551325,ChiNext,Baseline portfolio,49a0a4d1fd8f9616a69909cec22531a01219e391bfe1df73a5151c872292fed1
20221017.0,25638236.402319003,ChiNext,Baseline portfolio,49a0a4d1fd8f9616a69909cec22531a01219e391bfe1df73a5151c872292fed1
20221018.0,25771137.69916456,ChiNext,Baseline portfolio,49a0a4d1fd8f9616a69909cec22531a01219e391bfe1df73a5151c872292fed1
20221019.0,25422686.22817136,ChiNext,Baseline portfolio,49a0a4d1fd8f9616a69909cec22531a01219e391bfe1df73a5151c872292fed1
20221020.0,25358218.375796918,ChiNext,Baseline portfolio,49a0a4d1fd8f9616a69909cec22531a01219e391bfe1df73a5151c872292fed1
20221021.0,25242441.674567413,ChiNext,Baseline portfolio,49a0a4d1fd8f9616a69909cec22531a01219e391bfe1df73a5151c872292fed1
20221024.0,25088336.9777357,ChiNext,Baseline portfolio,49a0a4d1fd8f9616a69909cec22531a01219e391bfe1df73a5151c872292fed1
20221025.0,25787486.270125,ChiNext,Baseline portfolio,49a0a4d1fd8f9616a69909cec22531a01219e391bfe1df73a5151c872292fed1
20221026.0,25283696.501944494,ChiNext,Baseline portfolio,49a0a4d1fd8f9616a69909cec22531a01219e391bfe1df73a5151c872292fed1
20221027.0,24406360.57247723,ChiNext,Baseline portfolio,49a0a4d1fd8f9616a69909cec22531a01219e391bfe1df73a5151c872292fed1
20221028.0,24574054.039582647,ChiNext,Baseline portfolio,49a0a4d1fd8f9616a69909cec22531a01219e391bfe1df73a5151c872292fed1
20221031.0,25245805.01360241,ChiNext,Baseline portfolio,49a0a4d1fd8f9616a69909cec22531a01219e391bfe1df73a5151c872292fed1
20221101.0,25716829.494329713,ChiNext,Baseline portfolio,49a0a4d1fd8f9616a69909cec22531a01219e391bfe1df73a5151c872292fed1
20221102.0,25816819.78975726,ChiNext,Baseline portfolio,49a0a4d1fd8f9616a69909cec22531a01219e391bfe1df73a5151c872292fed1
20221103.0,26330458.457596358,ChiNext,Baseline portfolio,49a0a4d1fd8f9616a69909cec22531a01219e391bfe1df73a5151c872292fed1
20221104.0,26130277.006805584,ChiNext,Baseline portfolio,49a0a4d1fd8f9616a69909cec22531a01219e391bfe1df73a5151c872292fed1
20221107.0,25961304.096849117,ChiNext,Baseline portfolio,49a0a4d1fd8f9616a69909cec22531a01219e391bfe1df73a5151c872292fed1
20221108.0,26052544.33385152,ChiNext,Baseline portfolio,49a0a4d1fd8f9616a69909cec22531a01219e391bfe1df73a5151c872292fed1
20221109.0,25501774.30747358,ChiNext,Baseline portfolio,49a0a4d1fd8f9616a69909cec22531a01219e391bfe1df73a5151c872292fed1
20221110.0,25362460.416527174,ChiNext,Baseline portfolio,49a0a4d1fd8f9616a69909cec22531a01219e391bfe1df73a5151c872292fed1
20221111.0,25169519.039041266,ChiNext,Baseline portfolio,49a0a4d1fd8f9616a69909cec22531a01219e391bfe1df73a5151c872292fed1
20221114.0,25878059.04508583,ChiNext,Baseline portfolio,49a0a4d1fd8f9616a69909cec22531a01219e391bfe1df73a5151c872292fed1
20221115.0,25373096.56626525,ChiNext,Baseline portfolio,49a0a4d1fd8f9616a69909cec22531a01219e391bfe1df73a5151c872292fed1
20221116.0,25486686.723975282,ChiNext,Baseline portfolio,49a0a4d1fd8f9616a69909cec22531a01219e391bfe1df73a5151c872292fed1
20221117.0,25440798.15814975,ChiNext,Baseline portfolio,49a0a4d1fd8f9616a69909cec22531a01219e391bfe1df73a5151c872292fed1
20221118.0,25977216.844454132,ChiNext,Baseline portfolio,49a0a4d1fd8f9616a69909cec22531a01219e391bfe1df73a5151c872292fed1
20221121.0,25619141.241608974,ChiNext,Baseline portfolio,49a0a4d1fd8f9616a69909cec22531a01219e391bfe1df73a5151c872292fed1
20221122.0,25604343.61188411,ChiNext,Baseline portfolio,49a0a4d1fd8f9616a69909cec22531a01219e391bfe1df73a5151c872292fed1
20221123.0,26131004.830782242,ChiNext,Baseline portfolio,49a0a4d1fd8f9616a69909cec22531a01219e391bfe1df73a5151c872292fed1
20221124.0,24999714.712816317,ChiNext,Baseline portfolio,49a0a4d1fd8f9616a69909cec22531a01219e391bfe1df73a5151c872292fed1
20221125.0,24993248.80841926,ChiNext,Baseline portfolio,49a0a4d1fd8f9616a69909cec22531a01219e391bfe1df73a5151c872292fed1
20221128.0,25424190.12708775,ChiNext,Baseline portfolio,49a0a4d1fd8f9616a69909cec22531a01219e391bfe1df73a5151c872292fed1
20221129.0,25091880.084645126,ChiNext,Baseline portfolio,49a0a4d1fd8f9616a69909cec22531a01219e391bfe1df73a5151c872292fed1
20221130.0,25302686.216541156,ChiNext,Baseline portfolio,49a0a4d1fd8f9616a69909cec22531a01219e391bfe1df73a5151c872292fed1
20221201.0,25587295.62332085,ChiNext,Baseline portfolio,49a0a4d1fd8f9616a69909cec22531a01219e391bfe1df73a5151c872292fed1
20221202.0,25550649.493810575,ChiNext,Baseline portfolio,49a0a4d1fd8f9616a69909cec22531a01219e391bfe1df73a5151c872292fed1
20221205.0,25425197.580270246,ChiNext,Baseline portfolio,49a0a4d1fd8f9616a69909cec22531a01219e391bfe1df73a5151c872292fed1
20221206.0,25755930.44725594,ChiNext,Baseline portfolio,49a0a4d1fd8f9616a69909cec22531a01219e391bfe1df73a5151c872292fed1
20221207.0,25936856.494909514,ChiNext,Baseline portfolio,49a0a4d1fd8f9616a69909cec22531a01219e391bfe1df73a5151c872292fed1
20221208.0,26069521.426766716,ChiNext,Baseline portfolio,49a0a4d1fd8f9616a69909cec22531a01219e391bfe1df73a5151c872292fed1
20221209.0,26228535.09017526,ChiNext,Baseline portfolio,49a0a4d1fd8f9616a69909cec22531a01219e391bfe1df73a5151c872292fed1
20221212.0,26357915.198413894,ChiNext,Baseline portfolio,49a0a4d1fd8f9616a69909cec22531a01219e391bfe1df73a5151c872292fed1
20221213.0,26239722.105438285,ChiNext,Baseline portfolio,49a0a4d1fd8f9616a69909cec22531a01219e391bfe1df73a5151c872292fed1
20221214.0,26882785.664091032,ChiNext,Baseline portfolio,49a0a4d1fd8f9616a69909cec22531a01219e391bfe1df73a5151c872292fed1
20221215.0,27002867.518203013,ChiNext,Baseline portfolio,49a0a4d1fd8f9616a69909cec22531a01219e391bfe1df73a5151c872292fed1
20221216.0,27076740.509389568,ChiNext,Baseline portfolio,49a0a4d1fd8f9616a69909cec22531a01219e391bfe1df73a5151c872292fed1
20221219.0,26839208.831817992,ChiNext,Baseline portfolio,49a0a4d1fd8f9616a69909cec22531a01219e391bfe1df73a5151c872292fed1
20221220.0,26308689.059605166,ChiNext,Baseline portfolio,49a0a4d1fd8f9616a69909cec22531a01219e391bfe1df73a5151c872292fed1
20221221.0,25836527.022011235,ChiNext,Baseline portfolio,49a0a4d1fd8f9616a69909cec22531a01219e391bfe1df73a5151c872292fed1
20221222.0,25523597.252785806,ChiNext,Baseline portfolio,49a0a4d1fd8f9616a69909cec22531a01219e391bfe1df73a5151c872292fed1
20221223.0,26295151.370094463,ChiNext,Baseline portfolio,49a0a4d1fd8f9616a69909cec22531a01219e391bfe1df73a5151c872292fed1
20221226.0,26441779.804627374,ChiNext,Baseline portfolio,49a0a4d1fd8f9616a69909cec22531a01219e391bfe1df73a5151c872292fed1
20221227.0,26066980.80494804,ChiNext,Baseline portfolio,49a0a4d1fd8f9616a69909cec22531a01219e391bfe1df73a5151c872292fed1
20221228.0,26254648.14256909,ChiNext,Baseline portfolio,49a0a4d1fd8f9616a69909cec22531a01219e391bfe1df73a5151c872292fed1
20221229.0,25940567.77433637,ChiNext,Baseline portfolio,49a0a4d1fd8f9616a69909cec22531a01219e391bfe1df73a5151c872292fed1
20221230.0,26789988.33050844,ChiNext,Baseline portfolio,49a0a4d1fd8f9616a69909cec22531a01219e391bfe1df73a5151c872292fed1
20230103.0,26575356.399423506,ChiNext,Baseline portfolio,49a0a4d1fd8f9616a69909cec22531a01219e391bfe1df73a5151c872292fed1
20230104.0,26895294.264559455,ChiNext,Baseline portfolio,49a0a4d1fd8f9616a69909cec22531a01219e391bfe1df73a5151c872292fed1
20230105.0,26456899.576555077,ChiNext,Baseline portfolio,49a0a4d1fd8f9616a69909cec22531a01219e391bfe1df73a5151c872292fed1
20230106.0,27035089.680540934,ChiNext,Baseline portfolio,49a0a4d1fd8f9616a69909cec22531a01219e391bfe1df73a5151c872292fed1
20230109.0,27267735.42642957,ChiNext,Baseline portfolio,49a0a4d1fd8f9616a69909cec22531a01219e391bfe1df73a5151c872292fed1
20230110.0,26502961.63700632,ChiNext,Baseline portfolio,49a0a4d1fd8f9616a69909cec22531a01219e391bfe1df73a5151c872292fed1
20230111.0,26731230.362238433,ChiNext,Baseline portfolio,49a0a4d1fd8f9616a69909cec22531a01219e391bfe1df73a5151c872292fed1
20230112.0,26969728.09415384,ChiNext,Baseline portfolio,49a0a4d1fd8f9616a69909cec22531a01219e391bfe1df73a5151c872292fed1
20230113.0,26963392.586427018,ChiNext,Baseline portfolio,49a0a4d1fd8f9616a69909cec22531a01219e391bfe1df73a5151c872292fed1
20230116.0,26888101.005064923,ChiNext,Baseline portfolio,49a0a4d1fd8f9616a69909cec22531a01219e391bfe1df73a5151c872292fed1
20230117.0,26634643.66842555,ChiNext,Baseline portfolio,49a0a4d1fd8f9616a69909cec22531a01219e391bfe1df73a5151c872292fed1
20230118.0,26772345.580609776,ChiNext,Baseline portfolio,49a0a4d1fd8f9616a69909cec22531a01219e391bfe1df73a5151c872292fed1
20230119.0,26650669.398781277,ChiNext,Baseline portfolio,49a0a4d1fd8f9616a69909cec22531a01219e391bfe1df73a5151c872292fed1
20230120.0,27012103.904912256,ChiNext,Baseline portfolio,49a0a4d1fd8f9616a69909cec22531a01219e391bfe1df73a5151c872292fed1
20230130.0,26792409.29364918,ChiNext,Baseline portfolio,49a0a4d1fd8f9616a69909cec22531a01219e391bfe1df73a5151c872292fed1
20230131.0,27036316.46780318,ChiNext,Baseline portfolio,49a0a4d1fd8f9616a69909cec22531a01219e391bfe1df73a5151c872292fed1
20230201.0,27287249.338122357,ChiNext,Baseline portfolio,49a0a4d1fd8f9616a69909cec22531a01219e391bfe1df73a5151c872292fed1
20230202.0,27075622.38307917,ChiNext,Baseline portfolio,49a0a4d1fd8f9616a69909cec22531a01219e391bfe1df73a5151c872292fed1
20230203.0,27064943.293334547,ChiNext,Baseline portfolio,49a0a4d1fd8f9616a69909cec22531a01219e391bfe1df73a5151c872292fed1
20230206.0,27047040.802919254,ChiNext,Baseline portfolio,49a0a4d1fd8f9616a69909cec22531a01219e391bfe1df73a5151c872292fed1
20230207.0,26846484.774329875,ChiNext,Baseline portfolio,49a0a4d1fd8f9616a69909cec22531a01219e391bfe1df73a5151c872292fed1
20230208.0,27514772.88425828,ChiNext,Baseline portfolio,49a0a4d1fd8f9616a69909cec22531a01219e391bfe1df73a5151c872292fed1
20230209.0,27007190.579431754,ChiNext,Baseline portfolio,49a0a4d1fd8f9616a69909cec22531a01219e391bfe1df73a5151c872292fed1
20230210.0,27576716.6384207,ChiNext,Baseline portfolio,49a0a4d1fd8f9616a69909cec22531a01219e391bfe1df73a5151c872292fed1
20230213.0,27311158.825617783,ChiNext,Baseline portfolio,49a0a4d1fd8f9616a69909cec22531a01219e391bfe1df73a5151c872292fed1
20230214.0,27388728.166002743,ChiNext,Baseline portfolio,49a0a4d1fd8f9616a69909cec22531a01219e391bfe1df73a5151c872292fed1
20230215.0,26578941.081064608,ChiNext,Baseline portfolio,49a0a4d1fd8f9616a69909cec22531a01219e391bfe1df73a5151c872292fed1
20230216.0,25845051.73476782,ChiNext,Baseline portfolio,49a0a4d1fd8f9616a69909cec22531a01219e391bfe1df73a5151c872292fed1
20230217.0,25591880.673455976,ChiNext,Baseline portfolio,49a0a4d1fd8f9616a69909cec22531a01219e391bfe1df73a5151c872292fed1
20230220.0,26037375.48370579,ChiNext,Baseline portfolio,49a0a4d1fd8f9616a69909cec22531a01219e391bfe1df73a5151c872292fed1
20230221.0,25856924.29104008,ChiNext,Baseline portfolio,49a0a4d1fd8f9616a69909cec22531a01219e391bfe1df73a5151c872292fed1
20230222.0,25976613.420563094,ChiNext,Baseline portfolio,49a0a4d1fd8f9616a69909cec22531a01219e391bfe1df73a5151c872292fed1
20230223.0,26409495.365603857,ChiNext,Baseline portfolio,49a0a4d1fd8f9616a69909cec22531a01219e391bfe1df73a5151c872292fed1
20230224.0,26288653.725972667,ChiNext,Baseline portfolio,49a0a4d1fd8f9616a69909cec22531a01219e391bfe1df73a5151c872292fed1
20230227.0,26461498.293023117,ChiNext,Baseline portfolio,49a0a4d1fd8f9616a69909cec22531a01219e391bfe1df73a5151c872292fed1
20230228.0,26813201.102665834,ChiNext,Baseline portfolio,49a0a4d1fd8f9616a69909cec22531a01219e391bfe1df73a5151c872292fed1
20230301.0,27742131.125491135,ChiNext,Baseline portfolio,49a0a4d1fd8f9616a69909cec22531a01219e391bfe1df73a5151c872292fed1
20230302.0,27278031.349015772,ChiNext,Baseline portfolio,49a0a4d1fd8f9616a69909cec22531a01219e391bfe1df73a5151c872292fed1
20230303.0,27488332.86856976,ChiNext,Baseline portfolio,49a0a4d1fd8f9616a69909cec22531a01219e391bfe1df73a5151c872292fed1
